1.05128205128,0.651162790698,0.483443708609,0.53164556962,0.209302325581,0.403041825095,0.616352201258,0.37984496124,0.0077519379845,0.5,0.472868217054,0.0995024875622,0.670886075949,0.637130801688,0.365384615385,0.230769230769,0.266159695817,0.0,0.183544303797,0.010152284264,0.676923076923,0.701923076923,0.277372262774,0.0817610062893,0.0,0.379746835443,0.0114942528736,0.304568527919,0.383419689119,0.318407960199,0.476821192053,0.459770114943,0.350993377483,0.818565400844,0.558139534884,0.5,0.864978902954,0.789473684211,0.548076923077,0.473684210526,0.116279069767,0.413502109705,0.0229885057471,0.278145695364,0.010152284264,0.0977011494253,0.0,0.255813953488,0.020725388601,0.137055837563,0.0460251046025,0.406976744186,0.509615384615,0.507692307692,0.569343065693,0.174129353234,0.535714285714,0.248704663212,0.439461883408,0.0542635658915,0.433962264151,0.198675496689,0.511627906977,0.44976076555,0.487179487179,0.051724137931,0.339285714286,0.0977011494253,0.0566037735849,0.481171548117,0.201149425287,0.586497890295,0.482558139535,0.426778242678,0.337209302326,0.0798479087452,0.218543046358,0.0574712643678,0.502487562189,0.336787564767,0.111675126904,0.488789237668,0.572327044025,0.174358974359,0.816964285714,0.367875647668,0.754716981132,0.735099337748,0.437810945274,0.465408805031,0.350993377483,0.354066985646,0.0597014925373,0.12582781457,0.0149253731343,0.305699481865,0.818652849741,0.727678571429,0.663461538462,0.584821428571,0.496688741722,0.153284671533,0.459821428571,0.544041450777,0.0746268656716,0.367875647668,0.169811320755,0.641509433962,0.455958549223,0.581395348837,0.527131782946,0.124378109453,0.325581395349,0.406976744186,0.42600896861,0.0304568527919,0.451476793249,0.495535714286,0.188340807175,0.234309623431,0.523316062176,0.476821192053,0.644230769231,0.485232067511,0.455357142857,0.00574712643678,0.169154228856,0.0,0.0747126436782,0.0,0.0689655172414,0.225165562914,0.147286821705,0.730769230769,0.343023255814,0.339285714286,0.134529147982,0.0114942528736,0.28855721393,0.47533632287,0.197674418605,0.379746835443,0.282051282051,0.410852713178,1.23255813953
T,N,V,H,Y,F,P,L,A,G,L,L,R,R,G,T,Y,V,R,I,N,G,I,S,T,K,V,I,R,F,Y,R,T,K,T,G,T,T,G,T,A,W,V,F,V,R,A,T,E,I,H,R,G,L,D,F,Y,L,T,A,E,K,D,W,W,V,Y,I,S,I,V,W,Y,F,W,R,K,V,K,A,I,V,P,H,D,D,E,S,R,R,E,Y,L,R,L,D,D,R,G,D,E,T,T,N,I,E,S,E,N,K,D,L,Q,E,K,I,K,E,K,Y,K,A,G,L,D,V,W,V,E,V,V,Q,T,G,E,S,R,I,T,Q,V,T,T,S,G
F,N,I,N,W,F,D,Y,A,K,E,L,V,Q,G,G,F,A,L,I,N,G,K,T,T,R,I,E,Y,L,Y,I,L,Q,N,G,T,Y,N,T,A,L,V,K,I,R,S,R,D,T,F,D,G,E,W,H,E,Y,T,A,W,G,E,Y,R,T,W,I,G,F,V,Y,V,Y,R,Y,Y,V,Q,R,I,I,P,A,D,D,E,S,K,L,S,W,H,R,L,D,L,R,G,Y,Y,T,T,T,V,E,S,L,D,E,N,L,Q,R,L,I,E,F,L,W,K,Q,G,L,N,V,I,V,E,I,I,I,A,S,R,S,Y,I,R,R,T,T,T,D,N
D,N,D,R,S,W,P,R,A,G,L,L,R,R,G,G,Y,V,L,I,N,G,Y,A,A,R,I,H,Y,L,Y,V,S,Q,N,G,T,T,G,D,R,V,V,F,I,R,A,R,D,I,F,R,G,L,W,F,F,R,R,A,S,S,S,H,Y,T,L,V,P,K,V,F,T,R,I,H,K,V,Q,A,T,V,P,H,D,D,Q,S,Q,W,K,W,L,V,V,D,D,Q,G,R,Y,R,T,T,H,K,S,D,D,E,K,L,Q,R,I,I,D,W,W,Y,E,W,G,W,D,V,V,V,F,H,Y,E,A,S,T,R,R,I,L,R,A,S,T,T,T
D,D,S,T,H,F,N,R,A,R,L,L,Q,R,G,G,Y,V,A,I,N,G,K,A,A,R,I,E,W,L,W,R,S,K,N,G,T,L,G,K,A,W,V,V,I,T,A,L,D,S,F,D,G,L,W,F,Y,Y,K,A,L,G,D,F,Y,T,L,I,P,F,I,Y,V,Y,V,Y,W,V,Y,H,I,F,P,A,Q,D,E,S,Q,P,T,Y,L,L,L,T,N,T,G,T,Y,Y,N,D,L,T,S,D,R,Q,E,L,E,K,E,I,L,L,R,F,L,K,G,E,K,V,Y,V,V,V,V,R,A,T,I,T,R,V,T,R,A,T,T,D,N
T,N,L,F,F,Y,T,L,A,S,R,L,R,I,G,W,Y,V,L,I,N,G,K,A,T,E,I,H,Y,L,Y,S,S,K,T,G,T,E,G,Q,S,L,I,F,I,I,A,R,D,I,F,E,G,V,W,F,V,K,T,S,K,S,T,A,W,E,W,V,P,W,V,Y,T,Y,V,F,V,V,L,F,I,L,P,H,D,D,E,S,Q,L,D,K,W,Y,L,D,N,N,G,W,L,V,T,T,L,H,S,S,D,W,N,L,K,K,L,I,E,L,W,F,K,F,G,L,E,V,K,L,M,T,F,V,A,S,K,S,E,V,L,R,A,R,T,S,T
T,N,V,W,F,Y,L,L,A,G,A,L,L,L,G,G,F,S,L,I,N,G,E,S,T,L,I,V,Y,Y,E,E,S,Q,T,G,T,T,G,D,A,R,V,R,V,K,A,L,K,T,H,D,G,K,T,F,F,M,E,A,S,A,L,Y,W,V,K,I,P,W,V,L,R,Y,V,Y,T,V,I,A,L,R,P,H,D,D,E,S,Q,P,K,E,H,L,L,D,N,N,G,T,L,T,T,T,L,Y,T,K,D,D,D,L,E,K,E,I,E,K,K,Y,A,A,G,K,T,V,R,V,V,V,E,T,S,S,T,S,R,I,I,F,S,T,S,D,N
T,N,L,Q,W,F,P,K,A,G,L,L,Q,Q,G,G,F,V,L,I,N,G,I,T,T,I,I,K,Y,L,L,I,K,Q,T,G,N,N,G,I,A,K,V,W,I,R,S,K,A,S,F,D,G,R,W,F,F,L,E,A,S,K,T,Y,W,T,W,I,G,F,V,Y,Y,Y,M,Y,A,V,I,A,I,Y,P,A,D,D,E,S,L,P,S,L,F,L,L,D,N,Q,G,Y,T,L,N,L,L,F,S,D,D,N,N,L,E,D,L,T,K,K,W,F,K,A,G,L,T,V,W,L,L,V,E,K,S,S,T,E,K,V,V,R,A,F,T,N,N
T,N,L,Y,F,Y,T,R,A,E,R,L,Y,V,G,S,W,S,L,I,N,G,Y,S,T,I,V,V,R,F,W,Q,S,G,N,G,T,N,G,H,A,Y,V,F,I,R,S,L,D,S,H,R,G,L,T,F,L,Q,K,A,H,A,E,R,Y,L,F,I,P,W,V,L,V,Y,K,L,K,V,W,Y,I,L,P,H,E,D,E,S,K,P,T,I,L,F,L,D,E,Q,G,Q,S,Y,T,T,I,H,A,W,R,Q,E,L,R,K,R,M,E,L,W,F,K,W,G,L,T,V,V,V,V,I,V,I,S,G,D,A,S,M,E,R,I,T,T,T,T
F,N,I,Q,Y,Y,P,K,A,R,L,L,R,I,G,S,W,S,A,I,N,G,K,A,T,I,V,V,R,L,I,I,W,Q,N,G,Q,Q,G,I,T,V,V,I,I,K,A,V,D,S,F,E,G,K,T,F,F,M,A,A,S,S,D,L,F,T,W,V,P,F,V,Y,F,Y,V,Y,R,V,L,A,I,I,P,H,D,D,E,S,R,P,S,K,L,I,L,D,E,K,G,F,T,S,T,T,L,H,S,Q,D,E,E,L,E,K,K,I,K,W,R,Y,R,A,G,L,T,V,R,V,V,V,E,R,A,S,R,A,R,I,V,R,A,T,T,T,T
F,N,I,Y,Y,F,L,L,A,G,A,L,R,I,G,G,Y,V,A,I,N,N,I,T,A,R,I,E,R,L,W,I,S,K,N,G,N,Y,G,W,A,K,V,W,I,E,A,K,D,T,H,E,G,R,T,F,Y,L,K,A,W,W,W,Y,Y,T,W,I,A,F,I,Y,F,Y,V,Y,K,V,L,A,I,I,P,G,D,D,E,N,K,E,A,K,L,V,L,D,D,Q,G,D,T,M,T,T,Q,T,S,K,D,D,N,L,R,D,L,I,K,K,F,Y,L,A,G,L,T,V,I,V,I,I,E,K,S,D,T,S,R,I,V,R,V,T,T,S,G
T,N,L,T,T,F,S,Y,A,G,R,L,Y,I,G,S,F,I,V,I,N,N,R,A,A,M,V,I,W,L,Y,I,Y,D,N,G,E,N,G,D,S,F,V,V,V,L,A,Q,D,I,F,D,G,R,L,H,W,Y,V,A,S,S,S,Y,F,V,L,I,A,W,V,L,Y,F,Y,R,I,V,Y,A,I,I,P,H,D,D,E,S,Q,P,E,F,Y,I,T,D,L,N,G,D,Y,E,D,Q,E,T,S,D,D,L,L,H,R,L,L,V,K,F,R,F,E,L,G,L,T,V,V,L,V,F,T,K,A,T,R,R,R,A,L,Y,H,T,T,T,T
T,D,D,N,S,F,N,L,A,S,Q,L,Y,I,G,G,F,H,L,I,N,G,K,A,T,K,I,I,E,L,R,I,K,K,Y,G,T,Y,G,W,S,W,V,W,I,K,S,I,D,I,F,E,G,T,T,L,F,H,E,A,H,K,L,Y,W,V,L,I,P,I,V,Y,V,Y,V,F,K,V,F,K,I,E,P,A,Q,D,E,S,K,P,F,R,Y,V,L,D,D,N,G,D,W,L,Q,Q,L,H,S,D,D,D,N,L,R,K,D,I,W,I,R,F,Q,L,G,L,T,V,R,L,V,A,V,T,A,K,R,T,R,I,V,Y,A,T,T,S,T
F,N,I,N,F,Y,L,K,A,R,L,L,R,V,G,G,W,I,L,I,N,G,K,A,A,I,I,T,F,L,W,V,S,Q,S,G,T,T,G,S,V,W,V,F,V,I,A,T,D,S,H,D,G,K,T,F,Y,H,R,S,L,G,E,Y,F,T,K,V,P,W,T,Y,F,Y,F,F,T,V,L,Y,I,Y,P,H,E,D,E,N,Q,P,S,Y,L,Y,L,D,N,N,G,V,Q,Y,V,Y,L,T,S,D,D,E,E,L,N,K,R,I,K,W,R,F,K,A,G,L,L,V,I,V,V,V,S,K,S,S,D,M,K,I,I,F,I,T,T,S,G
T,N,I,H,Y,F,D,L,S,D,A,L,Y,R,G,S,L,S,A,I,N,G,Q,A,T,E,V,V,W,L,Y,I,R,K,G,G,T,K,G,I,S,L,V,F,I,I,S,L,H,R,H,W,G,W,T,F,Y,S,A,H,K,S,T,Y,K,S,L,V,P,W,S,Q,T,R,V,Y,L,L,I,R,I,F,P,N,D,I,E,Q,L,P,R,K,Y,W,L,D,W,K,G,Y,Y,M,T,S,Q,F,S,S,D,K,E,L,A,L,R,I,E,W,R,F,K,W,G,W,L,V,F,L,V,M,E,I,T,S,T,A,R,I,E,R,A,T,T,G,G
D,N,D,N,F,F,S,R,A,E,L,L,Y,L,G,G,F,I,L,I,N,N,R,T,A,R,I,W,Y,L,W,V,S,K,T,G,N,T,G,Y,A,L,V,F,V,I,A,R,D,I,F,N,G,L,W,Y,Y,L,A,A,W,S,Y,Y,Y,T,W,I,S,F,V,Y,F,Y,Y,Y,K,V,Y,Y,I,E,P,H,E,D,Q,S,E,P,H,K,L,L,L,S,D,Q,G,D,W,T,N,D,L,K,T,D,D,D,D,R,H,K,D,I,E,L,K,W,K,W,G,Y,T,V,V,V,V,V,V,T,A,K,T,S,K,I,E,R,T,T,T,T,T
W,N,I,T,W,F,D,K,A,K,E,L,R,Q,G,G,F,I,L,I,N,N,K,S,A,R,I,V,W,I,W,S,S,K,N,G,N,N,G,D,A,K,V,F,V,K,A,I,D,I,H,H,G,L,L,F,Q,L,E,A,E,G,E,R,K,T,W,I,S,F,V,Y,V,Y,E,Y,E,L,F,A,I,L,P,H,D,D,E,S,K,P,E,W,L,I,L,D,N,N,G,L,K,Y,Y,Y,L,K,S,E,D,Q,N,E,N,D,R,I,K,E,F,W,K,R,G,L,T,V,K,L,Y,A,F,K,S,N,E,T,R,V,L,R,S,S,T,T,T
T,N,V,T,F,F,S,R,A,E,K,L,Y,R,G,D,Y,T,L,I,N,G,Y,T,A,R,I,Q,E,L,R,I,S,K,D,G,D,K,G,D,S,Q,V,W,V,R,A,Q,D,T,T,K,G,L,T,Y,F,M,R,A,S,G,S,Y,Y,T,W,I,S,W,V,Y,Y,Y,V,Y,E,V,L,R,I,E,P,H,D,D,E,S,Q,P,Y,R,L,Y,L,D,N,Q,G,I,T,I,T,D,L,Y,S,D,D,E,N,L,R,E,D,E,E,K,K,Y,K,W,G,L,T,V,K,V,V,V,E,R,H,G,D,M,R,V,T,R,T,T,T,G,T
D,N,D,N,S,F,S,L,A,G,R,L,Y,R,G,G,F,I,L,I,N,G,K,A,A,R,I,V,Y,L,W,V,S,D,N,G,N,Y,G,L,A,W,V,F,V,I,A,I,D,I,F,N,G,K,T,F,T,W,R,A,L,A,L,Y,P,V,L,I,P,W,V,Y,L,Y,A,W,K,V,K,D,I,V,P,A,E,D,E,S,K,R,F,K,M,K,L,D,S,K,G,Y,Q,T,T,D,L,H,S,E,D,E,E,L,L,K,R,I,L,K,R,W,W,A,G,L,T,V,V,V,F,V,V,T,A,S,T,S,R,I,T,R,A,T,T,T,T
F,N,E,Q,F,F,L,K,A,G,L,L,R,I,G,G,Y,V,W,I,N,G,K,T,T,R,I,V,R,L,W,Q,S,Q,N,G,R,Y,G,L,V,F,V,K,V,I,A,R,D,I,F,D,G,S,V,L,Y,Y,Q,A,H,A,E,F,F,V,Y,I,G,W,V,Y,L,F,Q,R,Y,I,L,R,M,I,P,H,E,D,E,S,Q,P,W,Q,L,V,V,D,N,N,G,V,V,E,D,T,H,H,S,D,D,D,D,N,S,N,D,A,W,K,R,W,W,W,G,L,N,V,I,A,H,R,F,R,A,S,I,E,K,A,L,R,Y,S,T,N,N
T,N,L,F,Y,F,T,L,A,G,R,L,Y,V,G,G,W,V,L,I,N,G,K,A,A,I,I,V,R,L,E,V,S,K,N,G,T,T,G,D,S,F,V,Y,I,K,A,V,D,A,F,R,G,E,E,H,F,A,K,H,K,E,R,Y,W,V,W,I,P,W,V,W,V,Y,V,Y,I,V,L,A,I,I,P,H,D,D,E,N,H,H,S,F,F,V,L,D,D,Q,G,R,V,Y,K,L,L,E,S,D,D,Y,L,L,W,L,L,I,M,I,L,F,A,L,G,L,T,V,R,L,V,V,V,W,A,S,I,A,R,V,L,Y,A,T,T,D,N
T,N,L,F,Y,Y,L,K,A,G,L,L,R,Q,G,H,W,V,L,I,N,G,Q,A,A,I,I,V,R,L,Y,V,S,Q,T,G,D,Y,G,L,K,W,V,V,I,F,A,R,D,A,F,Q,G,L,L,F,E,L,V,A,L,A,L,Q,K,L,A,V,P,I,V,F,Y,Y,A,Y,Y,V,F,K,I,I,P,H,D,D,E,S,Q,H,S,K,H,I,L,D,W,K,G,I,Y,V,T,N,M,H,S,D,D,D,D,L,E,K,E,I,K,L,K,W,W,W,G,L,T,V,I,V,V,I,V,K,A,K,T,S,R,I,M,F,A,T,T,S,G
F,N,I,Q,W,F,D,R,A,E,E,L,R,Q,G,G,L,I,L,I,N,N,K,T,A,L,I,I,W,F,W,R,S,Q,T,G,T,L,G,I,A,W,A,V,V,R,A,R,D,T,K,K,G,E,D,L,W,H,V,A,K,A,L,M,K,V,W,I,S,W,L,Y,E,Y,E,Y,E,V,L,K,I,V,P,H,D,D,E,S,Q,L,F,Y,M,I,L,D,N,N,G,V,T,I,T,L,L,T,S,E,D,L,N,L,L,L,E,I,I,E,R,F,L,A,G,L,T,V,K,V,Y,V,K,I,A,S,D,A,W,I,E,K,A,S,T,D,N
T,N,V,Q,F,F,W,Y,A,K,R,L,R,I,G,A,F,V,E,I,N,G,E,T,A,R,L,V,W,L,W,I,R,K,G,G,T,D,G,D,A,V,V,F,I,R,A,L,K,M,F,D,G,K,T,F,E,M,R,A,S,H,S,Y,R,T,R,I,S,W,V,W,V,E,I,W,L,V,F,Q,I,V,P,H,D,D,Q,S,Q,P,E,H,L,L,L,D,L,Q,G,K,Y,D,D,R,H,H,S,S,D,D,D,E,N,K,R,I,K,I,K,F,W,L,G,L,T,V,M,L,F,R,Y,R,A,Q,K,D,E,A,L,R,S,T,T,T,G
T,N,V,T,W,F,G,Y,A,K,K,L,R,I,G,G,Y,T,L,I,E,G,Y,T,T,R,I,T,Y,L,Y,I,S,K,N,G,N,Y,G,R,A,L,V,I,I,K,A,K,D,I,F,T,G,E,E,K,W,Y,K,A,W,G,E,Y,I,T,W,I,A,W,V,L,S,F,F,W,K,V,F,A,I,I,P,A,Q,D,E,N,K,P,D,L,L,V,L,D,D,Q,G,I,R,I,T,L,L,F,S,E,D,D,N,L,S,K,D,I,R,L,R,Y,W,W,G,L,T,V,V,V,K,V,D,W,A,D,T,S,R,V,T,E,A,T,T,T,T
T,N,L,T,T,Y,S,R,A,G,E,L,Q,I,G,S,F,V,R,I,N,G,K,A,A,T,V,V,R,L,Y,I,R,E,T,G,T,D,G,L,K,F,V,I,V,F,A,R,D,S,H,E,G,S,L,M,Q,M,Q,A,K,A,L,Y,Q,V,L,I,P,F,V,K,V,F,T,Y,Q,V,L,W,I,Y,P,H,E,D,E,S,R,R,R,F,F,Y,L,D,N,N,G,D,S,L,T,L,H,E,S,E,D,D,D,L,R,K,D,I,E,K,R,F,K,W,G,L,V,V,L,L,F,H,F,E,S,T,R,R,R,V,E,R,A,S,T,S,T
T,N,L,T,T,F,F,L,A,S,A,E,L,I,G,D,W,S,V,V,N,N,K,A,T,I,V,T,R,L,R,I,S,K,N,G,N,N,N,I,S,L,V,F,V,R,S,K,D,A,F,E,G,K,T,F,H,F,K,A,W,G,L,Y,W,S,L,I,P,F,V,L,E,Y,R,Y,K,V,V,A,L,I,P,H,D,D,E,S,Q,W,W,Y,H,V,I,D,D,N,G,I,F,F,T,I,F,E,S,K,K,E,E,L,Q,R,E,I,R,W,R,F,W,W,G,Y,T,V,E,I,R,F,R,I,A,K,K,T,R,A,L,R,A,T,T,T,T
T,N,V,Q,Y,F,L,K,A,G,L,L,Y,R,G,G,F,I,M,I,N,N,K,T,A,K,I,V,W,R,W,T,S,V,T,G,T,L,G,L,I,W,V,Y,I,L,A,R,D,S,F,N,G,E,T,L,F,F,R,A,L,A,E,Y,F,V,A,I,S,F,V,Y,V,E,L,W,A,L,Y,R,I,F,P,H,D,D,E,S,H,L,Y,H,F,L,I,D,N,N,G,D,R,S,D,S,R,H,S,W,W,D,S,K,E,D,D,I,F,K,K,F,W,W,G,W,T,V,I,L,K,F,V,T,A,S,T,T,R,A,T,E,S,T,T,L,G
T,N,I,Y,S,Y,D,R,A,E,E,L,F,R,G,A,I,V,K,I,N,N,R,E,A,L,I,V,E,L,R,V,S,V,T,G,N,Y,G,L,R,K,V,V,I,K,A,R,D,M,F,Q,G,L,E,F,R,M,Q,A,W,H,Q,Y,K,T,L,I,A,F,V,Y,Y,Y,V,W,E,V,F,D,I,I,P,H,D,D,E,S,Q,W,F,Y,F,I,L,D,T,D,G,K,Y,K,T,D,L,T,S,S,S,L,N,T,A,L,D,I,W,L,K,F,A,L,G,L,T,V,F,V,V,V,V,K,A,S,R,E,R,I,K,F,I,T,T,D,N
L,N,I,Y,W,F,T,F,H,G,S,D,R,K,G,G,W,S,L,I,N,N,E,S,T,I,I,I,Y,S,W,V,S,R,N,G,N,Y,G,D,S,W,H,H,T,I,A,K,D,S,H,T,G,Q,I,R,K,F,Q,G,K,V,L,Y,F,T,W,T,G,I,V,F,T,Y,V,Y,K,V,I,D,I,I,P,H,D,D,E,S,R,P,T,W,L,V,L,D,D,K,G,L,T,T,T,T,Q,E,S,D,D,D,D,L,R,K,E,I,E,E,K,F,K,R,G,L,V,V,R,V,I,I,L,K,S,S,T,S,R,V,T,F,A,T,T,D,T
T,N,I,Y,F,Y,T,Y,A,E,R,L,Y,I,G,Q,Y,V,L,I,N,G,K,T,A,R,I,I,R,F,E,M,T,K,Y,G,T,Q,G,I,Q,W,V,F,I,V,A,R,D,I,F,D,G,K,I,F,T,Y,T,A,K,A,K,F,L,T,W,V,A,W,V,Y,V,Y,V,F,K,V,L,L,I,L,K,H,D,D,E,S,R,P,F,H,F,F,L,D,D,R,G,Y,L,I,D,L,L,H,S,N,D,Q,N,L,L,L,E,M,L,F,R,F,L,W,G,L,T,V,R,V,V,V,V,K,A,D,R,M,E,I,L,R,A,T,T,D,T
T,N,V,Y,F,F,T,Y,A,G,R,L,Y,R,G,W,F,S,L,I,N,G,L,A,T,R,I,I,R,L,Y,V,T,V,T,G,Q,Y,G,I,S,F,V,W,I,K,A,K,D,S,F,D,G,R,E,F,K,S,I,F,A,A,L,F,F,T,W,I,P,F,I,L,M,F,K,Y,F,V,I,L,I,I,P,H,E,D,E,S,K,S,S,Q,L,I,L,D,L,N,G,V,T,V,T,D,I,K,S,D,D,E,K,K,N,K,E,I,K,W,K,F,L,W,G,L,N,V,I,V,V,V,I,K,S,G,R,S,R,I,T,R,S,T,T,D,N
D,N,L,E,Y,F,L,K,A,G,A,L,L,R,G,G,K,V,A,I,N,G,K,S,A,E,I,K,Y,L,F,T,F,K,N,G,D,N,G,D,S,W,V,I,I,I,A,R,D,E,H,N,G,E,V,H,T,Y,T,A,K,S,T,F,F,V,W,I,P,F,V,Y,V,Y,A,W,L,L,Q,Y,I,L,P,H,D,D,E,N,H,P,A,Q,F,F,L,D,Q,N,G,I,Y,I,D,Q,L,Y,T,D,D,D,D,L,A,K,R,I,K,E,R,Y,K,R,G,E,L,V,V,L,F,V,K,K,S,T,R,M,R,V,I,E,A,R,T,T,T
D,N,D,N,T,Y,D,E,A,K,K,L,R,V,G,A,F,V,T,I,G,G,K,T,A,K,I,T,W,L,W,V,S,K,N,G,T,L,G,L,A,W,V,L,I,K,A,T,D,S,H,E,G,K,E,M,F,L,R,A,L,G,R,Y,K,L,K,I,S,F,V,Y,T,Y,I,Y,Y,V,Y,R,I,I,P,H,E,D,Q,N,H,L,A,L,F,I,L,D,N,N,G,D,L,I,I,Y,R,H,T,K,D,D,D,L,K,N,K,I,E,T,L,W,K,I,G,L,K,V,F,V,V,I,K,R,S,S,T,S,R,I,E,Q,A,F,T,G,G
T,T,R,F,F,F,D,L,A,G,A,L,R,I,G,W,F,V,L,I,G,G,K,T,A,Q,I,V,R,F,F,M,Y,K,D,G,T,N,G,I,A,L,V,I,I,E,A,R,D,S,H,E,G,E,T,L,Y,L,Q,A,S,S,T,Y,W,T,W,I,A,F,V,Y,V,Y,F,W,Y,V,Q,A,I,Y,P,H,D,D,Q,S,Q,L,K,K,L,R,L,D,L,N,G,K,F,T,T,T,L,K,S,E,D,Q,N,L,Q,N,L,I,E,N,L,F,R,A,G,T,L,V,I,V,E,V,R,K,A,S,T,E,R,I,Q,R,V,T,T,S,G
T,D,L,K,Y,F,N,R,A,R,W,L,T,R,G,D,F,V,A,I,G,G,W,T,T,K,I,V,F,L,Y,I,T,T,T,G,T,D,G,L,A,R,V,F,I,I,A,V,D,I,F,M,G,R,V,F,Y,L,K,A,E,A,E,R,W,L,W,I,S,W,V,Y,K,Y,V,V,R,L,I,M,I,L,P,H,D,D,E,S,R,P,A,K,L,F,L,D,E,K,G,I,T,Y,T,T,H,H,S,S,D,L,K,H,N,L,L,T,K,F,Y,Y,A,L,G,L,T,V,R,L,V,L,V,T,A,S,T,T,R,A,I,F,L,H,T,D,G
T,N,I,Y,H,Y,P,H,A,K,K,L,R,R,G,G,W,S,A,I,N,G,Q,S,T,I,I,V,R,L,E,I,T,Q,T,G,T,T,G,T,A,W,V,K,I,E,S,R,D,S,H,N,G,L,T,F,Y,Y,I,A,K,R,E,Y,E,V,W,I,P,W,V,Y,V,Y,T,F,R,V,Q,Y,I,R,P,H,D,D,E,S,Q,P,F,E,L,F,L,D,D,N,G,D,F,T,N,T,L,E,T,S,D,L,R,R,L,L,E,I,Y,W,A,W,A,Q,G,L,N,V,R,V,H,V,F,I,S,K,T,T,R,V,L,R,W,T,T,D,T
T,D,Q,F,F,F,S,R,A,E,Q,L,R,R,G,S,W,T,L,I,N,G,K,T,A,K,V,I,W,F,Y,M,S,D,G,G,T,N,G,D,A,V,V,F,V,I,A,R,D,S,F,N,G,E,V,H,Y,M,T,A,K,R,E,H,Y,T,W,I,A,F,V,L,F,F,V,Y,K,M,R,F,I,L,P,H,D,D,E,S,K,R,S,Y,H,I,L,D,D,R,G,Y,F,I,T,L,L,E,S,E,D,D,D,L,Q,K,L,M,L,F,W,F,W,Q,G,V,T,V,L,V,V,V,E,V,A,K,T,A,R,I,T,R,A,T,T,D,N
K,N,I,T,T,Y,N,L,A,A,S,L,R,D,G,S,F,I,A,I,N,G,E,T,A,L,I,V,W,L,W,I,S,Q,T,G,N,T,G,I,A,K,V,F,V,T,A,I,D,S,H,K,G,L,T,H,Y,L,V,A,W,A,L,L,F,V,L,I,S,F,V,Y,K,Y,K,F,F,V,Q,W,I,Y,P,H,E,D,E,S,Q,R,R,H,L,V,L,D,L,N,G,L,Y,W,Y,Y,L,E,S,E,R,D,E,L,E,L,E,I,L,L,R,Y,L,W,G,Y,L,V,I,V,V,V,V,V,S,Q,D,A,R,I,R,F,A,T,T,S,T
F,N,D,Q,T,F,T,F,A,K,L,L,R,I,G,S,F,V,R,I,N,G,K,V,T,E,V,K,Y,L,Y,I,S,K,D,G,D,L,G,L,A,L,V,I,I,R,A,E,D,M,F,D,G,T,W,L,K,Y,A,A,W,G,E,F,L,V,L,I,A,F,V,Y,L,E,M,Y,R,T,W,D,I,I,P,H,D,D,E,S,E,P,K,W,L,I,L,D,Q,Q,G,R,S,R,T,T,V,R,S,D,D,E,D,L,R,K,E,I,E,E,R,F,K,R,G,L,T,V,F,V,Y,I,F,K,A,S,D,S,R,I,R,R,A,S,T,G,T
W,N,I,D,F,F,W,R,A,G,L,L,R,Q,G,G,F,A,R,I,N,G,K,T,V,K,I,T,W,L,W,V,S,Q,T,G,T,Q,G,I,A,I,V,V,I,K,A,V,D,I,F,D,G,E,T,L,K,L,K,A,L,A,L,Q,F,T,K,I,A,F,V,Y,E,E,T,W,K,I,L,D,I,F,P,H,D,D,E,S,R,P,T,Y,L,L,L,D,D,R,G,Q,K,E,D,T,H,E,S,D,S,D,D,T,R,D,L,I,K,W,L,F,L,Q,G,L,T,V,K,V,Y,R,F,R,S,K,T,D,R,I,L,K,T,S,T,S,G
T,N,I,Q,F,F,W,R,A,E,L,L,Y,R,G,G,W,I,I,I,N,G,Y,T,A,I,I,I,F,L,Y,S,S,Q,N,G,N,N,G,K,E,I,V,F,V,I,A,R,D,S,F,N,G,L,E,F,K,Y,A,A,L,R,Q,H,Y,V,K,I,A,F,V,Y,T,Y,E,Y,L,V,L,R,I,I,P,H,D,D,E,S,Q,W,Y,K,M,V,L,T,K,Q,G,Y,S,T,T,T,L,K,S,D,D,L,S,L,H,L,L,I,L,Y,L,W,W,L,G,V,T,V,K,V,K,V,K,V,A,S,T,A,R,I,T,D,V,T,T,E,G
T,N,I,Y,W,F,P,A,A,K,K,L,T,I,G,G,L,V,L,V,N,G,E,T,T,E,I,K,R,F,Y,A,L,Q,N,G,N,F,G,L,R,F,V,F,I,K,S,T,D,T,H,D,G,R,T,H,F,L,K,A,H,G,E,Y,F,T,W,I,A,F,M,Y,Q,Y,K,R,Y,V,F,R,I,I,P,H,D,D,E,S,Q,P,K,W,L,V,T,D,N,N,G,V,F,S,N,S,D,D,S,D,D,D,D,L,L,K,R,I,E,L,L,F,K,Q,G,L,D,V,I,V,I,K,V,R,A,S,R,R,R,I,H,Y,A,T,T,S,G
T,N,L,Y,F,F,T,F,A,K,R,L,R,V,G,G,W,I,L,I,N,G,E,A,T,I,I,V,R,L,E,I,T,Q,N,G,T,E,G,I,A,E,V,R,V,V,A,L,D,S,F,K,G,L,T,H,F,Y,R,A,K,G,E,Y,F,V,Y,I,P,W,V,Y,Y,Y,V,W,E,V,K,A,I,F,W,A,E,D,M,S,K,P,A,W,F,K,T,D,N,N,G,R,T,W,T,L,F,K,S,D,Q,D,S,L,S,K,E,T,W,K,R,W,K,A,G,L,R,V,L,L,V,F,T,K,A,S,T,T,R,A,T,R,S,T,T,S,G
D,N,V,Y,W,F,S,R,A,E,L,L,R,I,G,W,Y,V,L,I,N,G,H,S,T,I,I,V,H,L,Y,I,Y,K,T,G,D,N,G,D,A,W,V,F,I,K,A,I,H,S,H,D,G,R,T,H,F,Y,M,A,K,R,E,W,Y,T,W,I,P,W,T,L,Y,F,S,Y,K,L,F,A,I,I,P,H,D,D,E,S,Q,W,A,K,L,V,L,D,Q,K,G,I,Y,L,T,Q,L,E,S,D,D,E,L,L,F,R,L,I,I,K,F,F,L,Q,G,L,I,V,F,V,V,V,E,V,S,T,I,S,R,V,T,R,V,Y,T,G,G
K,N,L,N,T,F,T,K,A,G,Q,L,L,I,G,M,F,S,R,V,N,N,K,A,T,R,V,T,Y,L,Y,I,T,Q,N,G,N,N,G,L,A,F,V,Y,V,K,S,V,D,I,F,D,G,E,T,F,F,Y,A,A,K,A,Q,F,F,T,L,I,P,W,V,Y,K,Y,R,Y,K,V,V,M,I,R,P,H,E,D,E,S,Q,E,S,K,L,F,L,S,E,S,G,D,L,I,D,Q,L,H,T,E,D,K,D,L,K,K,K,I,E,E,L,F,K,Q,G,Q,D,V,E,V,I,V,A,I,A,E,R,A,R,I,T,R,A,T,T,S,G
W,N,Y,H,F,F,T,Y,A,G,S,L,R,I,G,N,F,I,L,I,N,N,K,T,A,I,I,V,W,L,Y,Q,T,K,T,G,Q,N,G,L,S,K,V,F,V,R,A,I,D,S,F,H,G,E,T,W,E,A,R,A,W,K,L,F,W,V,W,I,G,F,V,Y,Y,Y,V,Y,K,V,Y,Y,I,L,P,H,D,D,E,S,Q,P,R,H,F,I,L,D,S,N,G,K,Y,R,T,I,F,H,S,E,D,E,D,L,L,R,K,I,E,W,L,W,A,W,G,Y,D,V,R,V,V,I,A,V,A,T,I,S,R,I,L,Y,A,T,T,T,T
Y,N,L,Y,F,F,T,Y,A,R,L,L,R,E,G,A,Y,V,L,I,N,G,Q,S,A,R,I,Q,E,L,R,V,S,V,T,G,T,N,G,I,A,L,V,E,I,R,A,R,D,T,H,Q,G,L,T,F,K,R,K,A,W,H,Y,H,F,D,F,I,P,F,V,W,F,F,T,Y,T,L,L,R,I,V,P,H,D,D,E,S,R,S,S,H,Y,I,L,T,N,N,G,I,T,V,T,T,L,E,S,S,K,K,W,L,E,D,D,I,K,L,K,F,W,W,G,L,L,V,L,L,F,V,E,M,S,K,T,M,R,V,E,N,A,D,T,S,G
D,N,Q,F,F,F,T,R,A,G,E,L,R,I,G,G,Y,V,L,I,N,G,K,A,A,R,I,V,W,L,W,M,S,K,T,G,T,E,G,T,S,W,V,I,I,I,A,V,D,I,F,D,G,L,V,Y,K,A,Q,A,K,S,T,Y,L,L,Y,I,P,I,V,F,V,Y,Q,Y,K,V,Q,H,I,D,P,H,E,D,E,N,Q,R,S,Y,L,V,T,D,D,N,G,Q,L,Y,K,I,F,E,S,R,D,W,E,L,E,N,K,I,K,E,W,F,K,R,G,L,T,V,I,L,H,F,Y,K,A,S,T,I,R,T,L,R,A,T,T,S,T
W,N,I,Y,W,F,S,L,A,G,L,L,L,L,G,G,Y,V,M,I,N,N,R,T,T,R,I,I,F,L,W,I,S,D,N,G,K,F,N,L,T,L,V,F,I,I,A,R,D,I,H,R,G,L,I,F,K,M,R,A,L,A,L,Y,W,V,W,I,A,I,V,Y,F,Y,Y,W,K,V,I,R,I,I,P,H,D,D,E,S,Q,R,F,Q,L,I,L,D,D,Q,G,K,T,Q,T,T,M,F,S,E,D,L,E,L,N,I,K,M,L,Y,L,F,L,L,G,L,T,V,V,V,I,I,V,K,A,S,D,S,R,I,E,R,V,T,T,T,T
T,N,I,Q,W,F,N,K,A,K,L,L,Y,R,G,G,W,I,L,I,K,G,K,A,A,I,I,I,F,L,W,K,T,R,T,G,T,N,G,E,A,W,V,Y,V,V,A,K,D,A,F,N,G,E,I,L,T,L,V,A,K,G,E,Y,F,V,W,I,P,F,V,Y,E,Y,Q,R,K,V,F,Y,I,Y,P,H,D,D,E,S,R,W,P,W,H,L,L,D,D,R,G,Y,Y,E,N,Q,F,T,S,D,D,Q,N,L,Q,L,L,I,K,W,L,F,R,A,G,L,T,V,V,V,Y,I,F,K,A,S,T,A,R,I,R,R,A,S,T,T,T
T,N,I,D,D,F,P,K,A,E,E,L,R,I,G,D,F,V,K,I,N,G,K,T,A,R,I,E,R,L,E,V,W,G,N,G,T,T,G,D,A,F,V,F,I,W,A,R,D,S,F,D,G,K,W,F,Q,L,A,A,S,H,S,Y,F,V,W,I,A,F,V,Y,V,F,Y,R,Y,V,I,F,I,Y,P,H,E,D,E,S,Q,P,F,F,L,I,T,S,S,L,G,I,L,R,T,Q,H,Q,S,D,D,D,W,L,N,W,L,I,L,Y,L,F,L,A,G,Y,A,V,I,T,K,H,T,R,S,K,T,E,R,T,E,R,T,H,N,L,N
D,N,D,N,Y,W,F,Y,A,R,K,L,Q,L,G,G,Y,I,L,I,N,G,Q,T,A,R,I,L,W,L,W,I,S,Q,N,G,T,D,G,T,A,W,V,K,V,K,A,K,D,I,F,N,G,L,T,Y,F,F,E,A,K,S,T,F,R,V,K,I,P,W,V,Y,V,Y,L,R,E,V,I,A,F,I,P,H,D,D,K,S,Q,E,W,Q,F,V,T,D,L,N,G,V,T,I,D,Q,W,H,S,S,D,D,N,Q,N,D,N,E,F,E,R,F,W,A,G,L,T,L,F,L,F,F,V,T,A,K,T,T,R,A,L,F,S,T,T,G,T
W,N,E,Q,F,F,L,L,A,G,S,L,R,I,G,S,F,V,L,I,N,G,E,T,T,I,V,K,Y,L,Y,V,S,K,T,G,T,Q,G,I,T,K,V,F,I,I,A,V,D,S,H,K,G,L,V,H,K,Q,S,A,A,A,L,H,F,M,K,I,S,W,V,Y,V,Y,V,Y,Q,V,Q,A,I,I,P,H,D,D,E,S,R,P,A,K,L,V,L,D,Q,Q,G,I,L,K,T,S,H,K,S,S,K,E,E,L,Q,K,K,T,Q,W,K,F,A,N,G,L,T,V,R,L,V,I,K,K,S,G,D,S,R,V,E,E,S,T,T,S,G
W,F,Y,Y,F,Y,T,R,A,E,L,L,R,Q,G,Q,Y,I,L,I,N,G,K,T,A,L,I,F,R,F,L,R,S,Q,N,G,T,D,G,M,R,Y,V,F,V,W,A,R,D,I,F,E,G,K,I,L,F,Y,A,A,Y,G,R,Y,F,T,Y,I,S,F,V,Q,K,L,Y,F,K,V,Q,Y,I,V,P,H,E,D,E,S,K,D,F,W,L,V,L,D,D,N,G,N,Y,E,T,Q,L,T,S,K,D,D,E,L,K,K,R,I,F,W,L,F,W,W,G,Y,T,V,V,V,E,V,V,K,A,S,E,A,R,I,T,R,V,T,T,T,T
T,N,V,Y,F,Y,L,Y,A,K,R,L,R,E,G,W,F,A,L,I,N,G,K,D,T,I,I,V,R,L,Y,Q,T,D,N,G,T,N,G,L,Q,F,V,W,V,K,S,R,D,S,H,H,G,L,T,F,F,M,T,A,A,G,E,Y,M,V,W,I,S,W,V,L,E,F,T,Y,K,V,Y,K,I,Y,P,H,E,D,E,S,Q,D,K,F,L,Y,L,D,N,Q,G,D,W,D,T,T,L,K,T,E,S,D,D,T,K,K,E,I,E,L,R,F,K,W,G,L,D,V,F,V,Y,V,F,Y,S,S,E,M,R,I,L,K,V,S,T,G,G
T,N,L,F,F,F,L,R,A,G,R,L,R,I,G,G,F,A,L,I,N,G,K,T,T,E,I,H,Y,L,Y,M,G,G,N,G,Q,N,G,L,I,L,V,V,I,I,A,R,D,I,F,E,G,K,W,F,K,L,K,A,W,A,L,Q,Y,T,R,I,A,F,V,W,Y,Y,V,W,K,L,Q,A,I,I,P,H,D,D,E,S,R,P,D,R,L,V,L,D,D,N,G,K,Y,I,T,Q,L,H,S,D,D,E,S,L,K,R,E,I,E,L,R,F,K,L,G,L,L,V,F,V,V,V,T,R,S,S,T,S,K,I,T,R,A,H,D,G,N
T,N,V,T,T,F,G,Y,S,K,L,L,Y,I,G,G,L,I,E,I,N,G,K,T,A,R,I,E,E,L,R,I,S,K,D,G,T,N,G,L,A,W,V,F,I,R,A,T,D,R,F,E,G,K,T,F,K,S,Y,S,L,H,D,Y,I,S,L,I,G,F,T,Y,V,Y,F,W,I,V,F,K,I,I,P,H,D,D,E,S,Q,E,K,W,L,K,L,D,D,Q,G,R,F,T,T,T,Q,R,T,R,D,D,N,L,R,D,E,I,E,K,R,Y,K,K,G,T,T,V,V,L,T,M,T,V,A,K,R,S,R,I,T,R,A,T,T,L,G
T,N,I,Q,F,Y,K,K,A,G,L,L,Y,R,G,W,Y,I,L,I,N,G,K,T,A,I,I,V,D,L,W,I,S,Q,S,G,D,Y,N,W,E,W,V,F,I,K,A,I,D,S,F,N,G,L,T,F,F,L,V,A,H,K,E,M,W,V,K,I,A,F,V,Y,V,Y,R,K,T,V,I,A,I,F,P,H,D,D,E,S,R,P,K,Y,L,L,L,D,N,N,G,E,L,T,T,S,M,E,S,D,D,E,D,T,Q,R,L,A,E,Y,L,F,K,K,G,L,T,L,V,L,E,I,V,K,A,Q,D,S,R,V,E,R,L,T,T,L,T
D,N,L,Q,A,F,P,K,A,K,E,L,R,I,G,A,F,I,L,I,N,G,Y,T,A,R,I,V,R,L,W,K,S,K,T,G,T,N,G,L,F,W,V,V,I,V,A,I,D,I,F,D,G,R,T,F,Y,R,V,E,L,G,E,S,F,T,W,I,S,F,V,Y,K,Y,T,Y,K,V,Q,A,I,L,P,D,D,I,E,Q,Q,W,Y,K,Y,I,L,D,N,N,G,I,L,F,Y,Y,L,K,S,D,D,W,K,L,A,W,L,I,W,E,W,Y,K,K,G,L,T,V,R,L,Y,V,F,L,A,E,I,A,R,V,L,L,T,S,T,D,T
F,N,I,T,T,F,N,K,A,G,L,L,R,V,G,G,Y,I,E,I,N,N,R,A,T,R,I,L,Y,L,Y,V,S,K,D,G,R,Y,G,H,A,L,V,F,I,I,S,L,D,I,F,R,G,L,W,H,T,A,M,A,H,K,E,Y,F,V,L,I,P,W,I,Y,V,Y,F,Y,F,V,Y,A,I,I,P,H,E,I,K,Q,E,E,H,F,F,I,L,D,L,N,G,D,R,I,Q,Q,L,R,S,E,D,E,N,L,R,Q,F,I,E,D,K,Y,K,N,G,S,L,V,I,V,E,V,R,K,A,S,I,T,R,I,E,R,T,T,T,S,T
D,N,V,K,F,F,T,K,A,E,Q,L,Q,R,G,A,Y,V,E,I,N,N,E,T,T,R,I,V,R,L,E,K,L,Q,N,G,Q,Y,G,L,S,F,V,I,I,E,A,L,D,I,F,E,G,R,V,F,R,M,M,R,H,G,S,Y,F,T,F,I,S,W,V,W,V,F,T,Y,T,V,Q,D,I,I,P,A,E,D,E,S,K,P,S,Y,H,I,L,D,N,N,G,V,L,Y,T,I,F,T,S,R,D,L,E,L,Q,L,R,I,K,E,R,F,E,R,G,Y,T,V,R,V,F,I,F,K,S,Q,R,M,R,I,L,R,A,D,T,T,T
T,N,I,Y,Y,F,T,K,A,G,L,L,R,I,G,W,F,S,A,I,N,G,K,A,T,I,I,I,R,Y,R,R,S,K,N,G,I,Y,G,I,A,R,V,F,I,W,A,E,D,M,F,Q,G,E,L,H,T,Q,E,A,Y,R,Q,Y,Y,V,L,I,P,W,I,W,L,E,R,K,E,V,F,Y,V,Y,P,A,E,D,Q,S,K,L,S,I,L,H,L,D,E,K,G,K,Y,T,Y,Q,L,H,S,S,D,D,D,L,E,D,K,I,K,E,K,W,K,K,G,E,R,V,W,V,F,V,F,R,A,S,T,E,R,I,R,F,A,T,T,G,G
F,N,I,Q,F,Y,L,R,A,G,E,L,R,Q,G,G,F,V,R,I,N,G,K,T,A,K,I,V,R,L,E,V,T,D,G,G,R,Y,G,I,S,L,V,F,I,Y,A,L,D,T,K,D,G,K,L,F,A,L,R,A,A,H,S,K,K,T,A,I,S,W,L,Y,V,Y,E,R,S,V,V,R,I,I,P,H,D,D,Q,S,R,D,A,R,L,V,L,D,S,R,G,E,L,E,T,R,L,H,S,N,D,D,K,L,K,E,E,I,E,K,K,F,K,K,G,L,T,L,W,V,K,V,F,K,H,K,D,E,I,I,I,L,I,F,T,D,N
F,N,I,Q,F,Y,T,K,A,G,L,L,F,A,G,A,F,V,L,I,N,G,K,T,T,R,I,I,E,L,R,I,S,K,G,G,T,T,G,T,A,F,V,E,V,K,A,L,D,I,S,D,G,K,L,Y,E,M,K,A,K,S,T,Y,F,T,F,I,A,W,V,W,T,Y,K,Y,L,V,H,L,I,I,P,H,D,D,E,S,Q,D,A,Y,H,L,L,D,K,N,G,D,F,L,N,Q,L,R,S,S,D,F,D,L,Q,Q,L,I,L,L,W,F,L,L,G,L,T,V,K,V,E,V,F,K,H,S,H,M,Q,I,L,R,V,T,T,T,T
T,N,V,Q,F,F,W,E,A,R,R,L,R,I,G,S,Y,T,H,I,G,G,K,T,A,I,V,I,R,L,Y,I,S,K,T,G,N,N,G,K,A,F,V,F,V,R,A,Q,D,S,H,E,G,Q,S,L,F,M,V,R,K,G,E,Y,L,A,A,I,G,W,V,Y,V,F,E,R,L,V,Q,R,I,I,P,H,D,D,K,N,Q,P,S,F,L,V,L,D,L,R,G,E,L,E,T,T,V,E,S,L,D,Q,E,K,E,Q,R,M,E,L,Y,Y,K,W,G,F,L,L,K,V,H,I,K,D,A,S,R,R,Y,V,E,E,L,T,T,T,T
F,D,L,D,M,F,L,Y,A,K,L,L,R,I,G,G,F,S,T,I,N,G,Q,S,T,I,I,T,R,L,E,V,S,T,T,G,Q,Y,N,T,A,R,V,R,I,E,S,R,D,E,F,K,G,Q,V,L,Y,Y,E,A,L,A,E,Y,R,T,W,I,P,I,V,W,Y,Y,T,Y,K,V,Q,A,L,I,P,H,D,D,E,N,Q,P,W,K,M,V,I,D,D,N,G,K,R,Y,T,Y,Y,H,S,D,D,D,N,L,R,K,D,T,W,E,R,F,A,K,G,L,T,V,R,L,I,F,V,K,A,N,D,T,R,T,L,Y,S,T,T,D,T
K,N,I,T,S,Y,S,Y,A,K,L,L,L,Q,G,G,F,V,L,I,G,G,L,A,A,R,I,E,W,L,Y,I,S,K,T,G,N,K,G,I,A,I,V,F,I,E,A,R,D,T,T,W,G,W,W,F,R,M,A,A,W,K,L,Y,E,T,L,I,P,F,V,L,V,F,F,Y,L,I,Q,A,I,D,P,H,D,D,E,S,H,L,F,F,F,V,L,D,N,N,G,D,L,I,D,Q,L,E,S,L,D,L,K,L,S,L,I,I,L,W,L,Y,W,A,G,L,T,V,E,V,E,V,R,K,N,S,T,M,R,I,L,R,V,T,T,T,T
D,N,D,N,Y,F,L,F,A,K,R,L,R,V,G,W,F,T,A,I,N,G,R,A,T,R,I,I,W,L,Y,I,S,Q,N,G,D,N,G,L,A,R,V,Y,V,E,S,R,D,E,H,E,G,K,I,F,Y,M,R,A,W,G,L,Y,F,V,W,I,P,F,E,W,V,Y,F,Y,I,V,I,R,I,V,P,H,D,D,E,S,R,L,D,Y,M,F,L,D,N,N,G,D,Y,I,F,Y,M,T,S,K,D,D,S,L,K,L,W,I,E,L,L,F,K,W,G,Y,I,V,V,V,E,I,R,R,H,G,R,S,R,I,E,R,A,T,T,L,G
W,N,I,Q,W,F,L,L,A,G,L,L,L,K,G,G,F,V,R,I,N,G,K,A,A,R,I,E,R,L,W,I,S,K,D,G,N,N,N,D,A,K,V,V,I,V,A,V,V,I,F,E,G,S,V,Q,T,L,E,A,A,K,L,H,W,V,W,I,P,W,I,E,Q,E,Q,H,E,L,Y,A,I,I,P,H,D,D,E,S,E,D,A,W,L,I,T,D,N,N,G,K,Y,E,K,Q,Q,R,T,S,R,L,E,R,K,I,E,A,E,L,K,F,K,W,G,Y,K,V,S,A,F,F,F,R,A,S,T,K,R,A,E,R,Y,S,T,F,T
F,N,I,Q,F,F,L,L,S,G,L,L,R,I,G,W,T,V,E,I,N,G,K,S,A,I,I,V,Y,L,Y,R,S,K,T,G,N,N,G,L,A,K,V,F,I,I,A,I,D,S,H,E,G,K,I,F,K,M,E,S,K,S,Y,Y,W,T,K,I,A,F,V,Y,F,Y,V,W,R,V,L,R,I,I,P,H,D,D,E,N,Q,L,T,W,L,V,L,D,N,N,G,I,Y,S,T,T,D,H,T,K,D,D,N,L,E,D,E,I,K,E,R,F,L,A,G,L,L,V,F,L,I,R,E,K,S,S,Q,R,S,I,T,R,A,T,T,G,G
T,N,V,T,W,F,N,R,A,E,E,L,R,Q,G,D,F,V,E,I,N,G,K,T,T,K,I,F,R,L,E,I,S,K,N,G,T,N,G,D,A,K,V,V,I,Y,A,R,D,V,F,N,G,E,I,F,V,M,T,A,S,G,T,W,F,A,W,I,A,I,V,F,Y,Y,T,Y,R,I,Q,A,I,I,P,H,D,D,E,S,Q,R,F,W,L,V,T,D,E,Q,G,K,T,S,N,T,F,E,S,E,D,D,E,L,R,L,K,I,R,L,F,F,L,K,G,L,D,V,R,T,I,F,E,K,A,Q,R,V,R,A,T,K,V,T,T,T,T
T,N,L,T,Y,F,T,L,A,S,S,L,R,I,G,W,Y,V,E,I,N,N,R,T,T,R,I,I,Y,L,W,I,S,Q,N,G,T,T,G,L,A,W,V,V,I,I,A,K,D,T,F,E,G,K,L,F,Y,L,V,A,L,G,Q,Y,Y,T,F,I,S,F,V,Y,V,Y,Y,Y,E,V,Q,Y,I,L,P,H,E,D,R,S,R,P,H,L,F,F,L,S,Q,T,G,D,L,R,T,T,I,F,S,K,D,L,N,L,L,R,D,M,E,E,K,F,R,W,G,L,S,L,W,V,V,V,V,V,A,Q,R,A,R,I,T,R,A,Y,T,D,G
T,N,M,Q,W,F,N,R,A,R,E,L,V,I,G,A,F,V,L,I,G,G,L,A,A,R,V,E,Y,Y,Y,E,S,Q,T,G,Q,F,G,I,R,F,V,E,I,R,A,R,D,I,F,Y,G,W,I,F,E,M,R,A,R,G,E,Y,F,T,F,I,P,W,V,L,Y,F,I,K,A,I,L,Y,I,W,P,A,Q,D,E,S,K,R,S,K,F,I,D,D,N,N,G,D,T,R,D,E,H,K,S,E,D,D,N,L,E,D,E,I,K,R,R,F,L,A,G,L,T,V,F,T,V,H,V,R,A,S,I,E,R,T,R,Y,A,H,T,G,T
F,N,L,Q,F,F,W,K,A,G,L,L,Y,E,G,G,W,I,L,I,N,G,K,A,A,I,I,I,R,L,R,I,S,K,T,G,D,R,G,E,G,W,V,V,V,K,A,K,D,S,H,Q,G,E,T,H,K,Y,K,A,K,K,E,Y,F,V,G,I,P,I,I,Y,R,Y,W,Y,K,V,F,D,I,V,P,H,D,D,E,S,Q,L,A,K,M,K,L,M,D,N,G,F,V,Y,T,E,L,H,S,W,D,E,S,L,Q,R,L,I,K,F,L,F,W,F,G,Y,D,V,V,V,E,V,E,A,S,K,T,K,R,I,V,R,T,T,T,T,T
Y,N,L,T,T,F,S,A,A,K,K,L,R,R,G,D,F,V,A,I,N,G,E,T,T,I,I,V,W,L,W,I,S,Q,T,G,T,E,G,I,S,W,V,E,I,K,A,V,D,S,F,K,G,R,L,H,E,L,K,A,K,G,D,Y,F,L,L,I,S,F,V,Y,E,Y,E,Y,K,L,E,R,I,F,P,H,E,I,E,Q,E,P,A,W,H,K,T,D,D,N,G,V,L,Y,T,Q,L,T,S,D,D,D,N,L,Q,Q,W,I,K,Y,L,F,W,A,G,L,T,V,I,I,R,V,T,I,A,G,T,S,K,I,L,Y,A,T,T,S,T
T,N,D,N,A,W,P,K,A,E,L,L,R,I,G,D,L,V,L,I,N,N,R,A,A,K,I,I,R,F,I,R,S,Q,N,G,N,N,G,K,P,F,V,W,I,K,A,E,D,T,F,E,G,R,T,H,K,Y,A,A,H,G,S,Y,F,T,W,I,P,I,M,F,V,R,A,Y,I,V,F,A,I,I,P,H,E,D,E,S,E,P,S,Y,F,V,L,T,T,D,G,V,T,Y,T,T,L,T,S,D,D,N,N,L,E,K,D,L,K,L,K,Y,K,W,G,L,L,V,I,A,F,V,F,I,A,S,T,S,R,I,I,L,S,T,T,S,T
T,N,I,T,A,F,S,R,A,G,Q,L,Q,V,G,G,Y,V,L,I,N,G,L,A,A,R,V,E,Y,L,Y,I,Y,Q,N,G,T,T,G,D,R,F,V,F,I,I,A,R,D,M,F,L,G,L,T,F,T,A,M,H,S,E,T,Y,F,D,L,I,P,F,V,Y,L,Y,A,W,Y,I,F,F,I,R,P,H,D,D,E,S,R,L,F,R,W,F,T,D,S,D,G,K,Y,M,H,Q,T,T,S,E,D,D,D,H,S,K,R,T,L,L,F,F,W,W,G,L,L,V,I,V,F,F,F,R,A,Q,R,E,R,A,L,R,S,T,T,S,T
T,N,I,T,S,F,P,R,A,G,E,L,L,I,G,G,F,S,E,I,N,N,K,T,T,K,I,V,Y,L,Y,I,K,Q,N,G,N,Y,G,L,S,F,V,F,I,I,S,V,D,I,F,E,G,S,V,L,K,L,K,A,L,A,L,Y,W,T,W,I,S,W,V,Y,F,Y,T,F,K,V,I,Y,I,E,P,H,D,D,E,S,R,P,Y,K,L,Y,L,S,S,S,G,Y,L,I,Y,T,Q,Y,S,D,K,S,E,L,L,W,L,I,L,L,W,F,L,A,G,Y,T,V,K,V,F,V,T,K,A,K,R,S,R,V,T,R,A,T,L,D,N
T,N,R,W,F,Y,D,Y,A,K,L,L,L,E,G,G,W,A,V,I,N,G,Q,T,V,L,I,V,R,F,R,S,T,K,T,G,T,N,N,K,A,W,V,Y,I,R,A,I,D,S,F,Q,G,L,T,H,E,M,V,A,L,G,N,Y,R,T,W,I,A,F,V,L,F,F,Y,Y,Y,T,Y,Y,I,Y,P,H,D,D,E,S,Q,P,K,F,H,V,V,D,S,N,G,V,Y,K,T,E,H,K,S,S,D,Q,N,L,Q,E,R,A,D,R,W,W,K,W,G,W,T,V,I,Q,V,H,E,K,S,S,T,E,R,T,E,R,I,T,T,S,G
T,N,I,T,S,F,P,K,A,G,L,L,R,V,G,G,F,I,I,I,N,G,E,T,A,R,I,T,Y,L,Y,I,S,Q,N,G,T,T,G,T,S,W,V,I,V,K,A,T,D,S,H,Q,G,R,T,H,Y,R,Q,A,K,S,T,E,F,V,L,I,S,W,V,Y,K,Y,K,F,E,V,I,A,I,I,P,H,D,D,E,S,K,P,Y,F,L,I,L,D,N,N,G,V,Y,Y,Y,N,L,T,S,D,R,D,E,L,R,D,R,I,K,L,L,F,L,F,G,L,S,V,R,I,L,V,V,M,A,S,R,I,R,V,E,R,A,F,T,T,T
F,N,I,Y,W,F,N,L,A,G,R,L,R,Q,G,G,Y,V,M,Y,R,G,Y,T,T,K,V,V,Y,L,W,I,S,D,G,G,T,T,G,W,K,L,V,Y,I,I,S,V,D,I,Y,L,G,I,F,Y,Q,L,K,A,W,A,L,Y,F,L,W,I,G,W,V,L,W,F,V,W,Q,V,F,A,I,I,P,H,D,D,E,S,R,P,A,F,L,V,L,D,Q,K,G,L,Y,T,T,T,Q,Q,S,E,D,E,E,H,E,R,K,E,K,W,Q,Y,R,Q,G,L,T,L,R,L,F,F,S,K,S,S,T,I,R,A,L,Y,S,R,T,S,T
T,N,L,F,F,F,F,R,A,E,R,L,R,R,G,G,F,V,L,I,N,G,K,A,T,R,I,Q,Y,F,W,R,S,Q,N,G,D,N,G,I,A,W,A,F,I,I,A,L,D,I,F,D,G,K,T,F,Y,L,K,A,K,G,L,W,Y,T,W,I,P,W,I,Y,E,Y,R,Y,K,V,F,Y,I,D,P,H,D,D,E,S,Q,D,F,K,F,L,L,D,E,R,G,L,Y,W,Y,Y,E,K,S,D,D,D,D,L,R,K,L,I,L,F,L,Y,W,G,G,Y,T,V,V,L,V,F,F,T,A,T,I,T,R,A,I,L,V,T,T,T,T
T,N,L,D,S,Y,R,Y,A,Q,L,L,R,Q,G,G,Y,V,R,I,N,G,E,E,T,R,I,V,F,L,W,I,S,Q,N,G,T,T,G,D,Q,W,V,V,I,I,A,R,D,I,F,K,G,S,F,H,K,Y,K,A,K,G,N,W,R,T,E,I,P,W,V,Y,V,Q,V,H,I,T,Y,R,I,Y,P,H,D,D,E,S,R,P,F,Y,L,K,L,S,S,S,G,E,L,R,T,E,E,T,S,E,D,D,N,L,L,D,D,I,L,K,R,Y,W,W,G,L,T,V,R,L,F,E,F,Q,A,Q,R,S,R,V,L,R,S,T,T,S,T
F,N,L,Q,W,F,S,E,A,R,R,L,R,I,G,G,F,V,I,I,N,N,R,T,A,R,I,E,Y,L,Y,I,S,K,N,G,T,N,N,I,R,F,V,T,I,I,A,R,D,I,H,K,G,E,W,H,K,M,T,A,L,G,Q,Y,F,T,W,I,S,W,V,Y,S,Y,Q,Y,Y,V,I,A,I,Y,P,H,D,I,K,N,W,R,A,L,H,L,L,D,L,N,G,D,T,M,D,L,L,K,T,E,D,D,N,L,Q,E,L,I,Q,R,L,F,R,A,G,L,V,V,I,V,K,A,F,S,S,K,D,T,R,I,L,R,V,T,T,S,T
T,Y,V,Y,F,Y,L,L,A,G,S,L,L,I,G,G,W,V,R,I,N,G,K,A,A,I,I,T,F,L,L,I,S,D,N,G,T,T,G,D,A,K,V,F,I,I,A,R,D,S,F,N,G,I,E,F,K,Y,S,A,S,A,T,Y,W,T,K,I,P,W,T,Y,V,Y,W,Y,K,V,F,D,I,Q,P,H,D,D,E,S,K,P,K,W,F,K,L,D,D,Q,G,D,Y,I,Q,L,L,E,S,D,D,D,E,L,R,K,K,I,E,L,W,F,K,L,G,L,T,V,E,V,E,V,R,K,A,K,R,S,R,I,T,R,A,S,T,S,T
F,N,F,Q,Y,F,F,R,A,G,E,L,R,I,G,R,Y,S,A,H,N,G,K,A,T,I,I,I,W,L,Y,I,R,Q,N,G,T,N,N,N,Q,R,V,R,I,R,S,M,D,S,H,D,G,D,L,H,E,H,E,A,H,S,T,Y,K,T,L,V,P,W,V,Y,V,Y,K,Y,I,V,L,A,I,V,P,H,D,D,E,S,Q,W,T,F,L,I,L,T,T,T,G,T,K,I,K,L,L,E,S,D,D,E,E,L,Q,R,R,I,E,K,L,F,K,K,G,L,T,V,V,V,V,V,V,T,S,T,I,T,R,I,I,F,V,T,T,L,G
D,N,Y,Y,F,F,L,R,S,G,L,L,R,V,G,W,Y,T,L,T,N,G,K,T,T,I,I,T,R,L,Y,I,S,D,G,G,T,T,G,D,A,V,V,F,I,E,S,R,D,S,F,E,G,S,T,L,R,E,R,S,K,S,T,Y,Y,T,K,I,S,W,V,W,F,Y,I,F,K,V,Y,Y,V,D,P,H,D,L,E,N,Y,P,F,K,F,L,L,T,D,D,G,Y,F,M,D,L,L,H,S,S,D,D,N,L,N,D,R,M,W,L,Y,F,W,L,G,W,D,L,F,V,I,V,T,Y,A,S,I,M,E,I,L,Y,A,F,T,S,T
T,N,I,T,W,F,K,L,A,K,L,L,R,I,G,G,W,V,L,I,N,G,F,A,A,I,I,H,Y,L,W,I,S,K,N,G,N,Y,G,I,A,W,V,K,I,R,A,E,E,S,H,R,G,R,W,F,E,L,I,A,K,G,D,M,W,V,W,I,A,W,V,L,F,F,V,R,K,T,E,A,I,I,P,H,D,D,E,S,K,P,F,F,L,V,L,D,D,N,G,D,K,T,T,E,A,T,S,D,D,K,D,L,Q,L,L,I,Y,L,L,F,M,W,G,Y,E,V,Y,V,I,R,T,R,S,S,T,D,K,V,T,H,T,F,T,S,G
T,N,L,Q,F,Y,S,K,A,G,Q,L,Q,I,G,G,Y,T,L,I,N,G,R,A,T,R,I,E,Y,F,Y,V,S,D,S,G,N,Y,G,L,R,I,A,I,I,I,S,R,D,I,F,D,G,K,W,F,Q,Y,K,A,A,I,L,Y,F,V,W,I,P,F,I,Y,T,Y,T,W,Y,V,L,A,I,V,P,H,D,I,E,Q,W,P,A,K,L,L,L,D,D,N,G,Q,T,L,T,L,L,T,T,D,D,K,D,E,E,I,R,I,K,L,K,W,K,F,G,K,T,V,R,V,H,V,F,K,A,S,T,A,R,V,L,R,S,T,T,S,T
T,N,I,Y,S,F,L,Y,A,G,R,L,Y,I,G,W,F,I,K,I,N,G,K,T,T,K,I,V,W,F,W,V,S,Q,T,G,T,T,G,L,A,I,A,F,I,I,A,I,D,T,K,D,G,L,T,F,T,Y,Y,A,Y,I,L,Y,L,T,E,I,P,F,V,Y,K,Y,K,R,I,V,L,Y,L,Y,P,H,D,D,E,S,K,P,W,Y,T,I,T,S,N,T,G,D,T,E,T,T,T,T,S,D,D,Q,N,L,E,E,E,A,R,R,K,F,W,W,G,L,T,L,I,L,I,Y,V,Y,S,T,D,R,W,T,K,F,A,T,T,S,G
T,N,L,K,W,Y,P,K,A,G,A,L,V,V,G,G,W,I,R,I,N,G,R,A,A,I,I,T,W,L,W,I,S,D,G,G,T,T,G,L,A,F,V,V,I,T,A,T,D,S,F,E,G,R,I,F,Y,H,K,A,E,A,L,R,F,V,W,I,P,F,V,Y,Y,Y,K,Y,K,V,L,D,I,V,P,H,D,D,E,S,R,P,T,F,L,K,L,D,D,K,G,Y,E,V,Q,Q,M,T,S,R,D,K,D,L,E,L,E,I,R,E,R,F,E,R,G,L,T,V,V,V,I,I,T,K,A,D,T,E,R,I,I,L,A,T,T,T,T
W,N,L,T,W,F,D,L,A,G,L,L,Y,R,G,G,W,I,L,I,N,N,K,A,T,I,I,I,Y,F,Y,S,S,K,T,G,T,N,G,D,A,K,A,F,I,I,A,R,D,S,H,E,G,E,I,L,Y,F,T,G,K,Q,T,Y,K,V,W,I,P,W,V,Y,V,Y,E,Y,L,V,L,W,I,D,P,H,D,D,E,S,Q,L,A,K,F,W,T,N,Q,Q,G,Y,K,K,W,Q,L,H,S,K,D,K,E,H,E,E,R,T,K,E,W,F,K,R,G,L,T,V,K,L,V,D,V,K,A,S,R,S,S,F,T,R,A,T,T,T,T
T,N,V,Y,W,F,P,Y,A,K,L,L,R,I,G,D,Y,I,L,I,N,G,K,A,A,R,I,V,R,L,D,I,K,Q,N,G,T,T,G,D,T,V,V,K,V,V,A,I,D,I,F,D,G,D,V,H,T,Y,E,A,H,G,E,Y,R,V,W,I,P,W,V,Y,K,Y,V,W,R,V,Q,R,I,V,P,H,D,D,E,S,K,P,R,L,F,W,L,D,E,Q,G,R,Y,S,F,Y,L,E,S,D,D,D,N,L,R,D,K,I,E,K,L,F,R,W,G,L,T,V,R,V,I,V,V,K,A,S,E,A,R,I,L,F,A,T,T,S,T
F,N,I,Q,F,F,T,R,A,G,L,L,R,I,G,S,F,V,L,I,N,G,E,T,A,R,V,H,E,L,R,I,S,V,T,G,T,T,G,T,A,W,V,W,I,K,A,L,D,I,F,E,G,R,T,H,L,M,M,A,K,S,T,Y,Y,V,Y,I,S,W,V,Y,F,Y,V,Y,Y,V,V,A,I,I,P,H,E,D,E,S,Q,P,S,F,L,V,L,T,L,L,G,L,F,T,N,S,L,T,S,K,R,D,E,L,E,K,R,I,K,K,F,Y,K,K,G,L,T,V,I,L,I,V,T,V,A,G,K,A,Y,V,L,Y,A,T,T,D,N
K,N,I,T,T,F,N,L,S,G,A,L,T,V,G,S,Y,T,I,S,N,G,K,T,T,R,I,V,Y,L,Y,I,W,Q,T,G,D,Y,G,L,K,W,V,F,I,I,S,K,D,I,F,R,G,E,V,H,M,S,L,A,L,A,W,H,W,S,L,I,A,I,V,L,V,F,F,Y,K,V,Q,W,I,Y,P,H,D,D,E,N,Q,P,F,R,F,F,L,S,S,T,G,Y,Y,I,S,Q,I,H,V,L,D,Q,W,H,L,W,L,I,L,F,Y,F,L,R,G,Y,D,V,M,L,V,V,V,K,A,S,R,S,Y,V,T,R,L,H,T,T,T
T,N,L,Q,Y,Y,P,Y,S,S,S,L,R,R,G,S,F,V,A,I,N,G,R,A,T,R,V,Q,Y,L,W,T,T,K,T,G,T,E,G,K,S,K,V,F,I,I,A,K,D,I,F,D,G,I,F,F,Q,S,R,H,D,S,S,H,R,S,W,V,P,W,I,Y,L,Y,V,Y,K,V,F,K,I,E,P,H,D,D,E,S,R,L,D,K,L,V,L,D,E,Q,G,I,Y,I,Y,Y,L,H,S,K,D,E,Q,L,Q,R,K,I,K,E,L,Y,K,K,G,E,T,V,R,V,F,V,F,R,A,S,T,A,R,I,L,R,T,T,T,T,T
F,N,I,Q,W,F,P,L,A,G,L,L,R,I,G,G,F,V,R,I,N,G,Q,A,A,K,I,I,Y,F,W,M,S,V,T,G,T,N,N,R,S,F,V,E,I,I,A,V,D,T,H,Q,G,L,I,F,V,L,R,A,D,A,L,Y,W,L,F,I,P,I,I,Y,Y,Y,V,F,A,V,V,A,I,V,P,H,D,D,E,S,Q,P,F,F,F,K,L,D,N,R,G,L,Y,Y,T,D,L,E,S,S,D,D,N,L,H,L,D,I,L,L,K,Y,W,W,G,T,T,V,L,V,V,V,V,M,S,S,T,M,R,I,T,K,S,T,T,S,T
F,N,F,Q,F,F,S,Y,A,S,S,L,Q,L,G,D,F,V,A,I,N,G,L,T,A,K,I,L,Y,L,Y,I,E,Q,N,G,T,Y,G,D,S,R,V,F,I,I,A,I,D,S,T,E,G,K,W,F,Q,L,K,R,H,G,S,F,L,T,L,V,S,F,V,Y,Y,Y,W,W,Y,V,I,A,I,I,P,A,E,D,E,S,K,L,L,K,L,V,L,D,N,N,G,Y,L,L,T,T,L,K,S,K,D,L,S,L,L,L,A,I,I,F,M,F,L,K,G,L,D,V,W,V,T,V,A,V,N,Q,T,A,R,I,L,Y,V,T,N,S,G
T,N,Q,Q,F,Y,L,F,S,K,R,L,R,I,G,A,Y,S,L,I,N,G,I,A,T,R,I,I,Y,L,W,V,S,I,T,G,T,N,G,L,V,W,V,F,I,I,S,R,A,T,K,Y,G,L,I,F,K,S,R,S,F,K,E,Y,K,S,K,I,P,W,V,Y,V,Y,F,Y,K,V,Q,D,I,V,P,H,D,D,E,S,Y,P,F,F,L,K,T,D,D,N,G,D,L,D,T,T,H,H,S,D,D,L,K,L,M,I,L,I,L,L,W,F,W,W,G,W,D,V,W,T,V,H,V,A,A,S,D,K,W,T,R,Q,A,Y,T,S,T
T,N,I,Q,T,Y,S,Y,S,G,R,L,Y,R,G,A,L,S,T,I,N,G,K,A,T,R,I,E,F,L,Y,I,T,D,T,G,D,N,G,T,K,K,V,F,I,I,A,R,D,L,F,E,G,K,I,F,K,H,E,S,D,A,L,Y,F,S,L,V,P,W,M,L,T,F,R,R,K,V,L,Y,I,L,P,H,D,D,E,S,R,P,S,Y,L,V,L,D,N,N,G,K,L,Q,N,T,E,E,S,E,D,D,N,H,E,D,D,A,K,K,K,Y,K,K,G,L,D,V,F,L,F,E,Y,I,A,G,T,S,R,H,L,R,S,T,T,S,G
T,N,I,T,A,Y,L,R,A,E,E,L,R,I,G,G,F,T,R,I,N,G,K,T,A,R,V,I,R,L,R,T,T,T,T,G,D,Y,G,I,S,K,V,W,I,R,A,R,D,I,F,D,G,K,T,F,F,Y,A,A,D,G,Q,F,F,I,W,I,A,W,I,L,V,F,K,W,A,V,Q,R,I,I,P,H,D,D,E,S,Q,P,Y,R,L,V,I,D,N,N,G,E,Y,R,T,D,L,H,S,D,D,K,E,L,R,L,R,I,F,E,E,Y,A,R,G,L,Q,V,V,I,V,V,V,K,A,S,T,S,K,V,I,F,A,T,T,T,T
D,N,Q,Y,F,Y,T,F,A,G,R,L,Y,Q,G,S,F,S,L,I,N,N,K,A,T,I,V,T,R,L,W,I,S,D,T,G,N,N,G,L,K,K,V,F,I,K,S,T,D,M,S,D,G,K,T,F,E,M,T,R,F,A,L,D,W,T,W,I,P,W,V,Q,F,Y,Y,W,F,V,Q,A,I,F,P,H,D,D,E,S,Q,W,F,Y,H,L,L,M,L,L,G,I,L,K,N,E,L,E,S,K,D,L,S,L,Q,L,L,I,L,E,W,Y,W,K,G,W,D,V,I,V,E,V,R,V,A,G,D,A,H,I,E,R,T,T,T,S,G
F,N,I,Y,F,F,R,F,A,G,A,L,Y,R,G,G,W,V,A,I,N,G,E,S,A,I,I,V,Y,L,W,I,S,Q,T,G,T,L,G,L,A,W,V,F,I,V,A,R,K,S,H,D,G,K,V,F,T,A,T,H,L,A,Y,R,W,V,W,I,S,F,T,W,E,Y,K,Y,K,V,Y,Y,I,L,P,H,E,D,E,S,R,P,S,W,F,V,L,S,D,S,G,S,W,L,T,T,H,E,T,D,D,D,N,T,R,E,L,M,K,K,W,F,K,A,G,V,T,V,V,V,V,I,K,M,H,D,D,Q,R,I,I,E,T,H,T,T,T
F,D,I,Y,F,F,W,K,A,E,H,L,R,I,G,S,Y,T,L,I,G,N,E,T,T,R,V,V,Y,L,Y,I,S,Q,T,G,D,Q,G,S,S,W,V,F,I,I,S,R,K,I,F,D,G,K,E,H,K,L,A,A,K,G,S,Q,W,T,K,I,G,F,V,Y,F,Y,K,F,R,V,F,Y,I,I,P,E,Q,D,E,S,K,W,P,T,H,V,L,D,E,K,G,D,W,L,T,E,I,K,S,R,D,K,N,L,E,D,K,I,K,W,L,F,W,L,G,L,D,V,W,V,V,V,V,V,S,T,E,S,R,I,I,L,I,W,T,S,G
T,N,I,Q,W,F,P,K,A,E,L,L,R,I,G,G,F,T,R,I,N,G,R,T,A,I,I,V,Y,F,W,E,S,Q,N,G,T,T,G,T,K,Y,V,F,I,K,A,L,D,S,F,E,G,R,E,F,K,M,R,R,K,G,K,F,K,T,W,I,S,W,V,Y,E,Y,S,Y,L,V,Q,K,I,E,P,H,D,D,E,S,Q,L,S,K,H,Y,T,D,L,Q,G,K,L,Y,T,N,L,H,S,K,D,D,D,E,E,K,D,A,R,L,R,F,R,W,G,L,T,V,E,L,H,F,R,T,A,S,T,T,R,S,T,R,S,S,T,T,T
T,N,L,H,F,Y,T,R,A,E,L,L,R,Q,G,G,W,V,I,I,N,N,K,A,T,K,I,I,R,L,R,I,E,K,N,G,D,R,G,L,A,K,V,V,I,R,A,R,D,S,H,E,G,T,L,L,W,Y,S,A,L,G,R,Y,Y,T,Y,I,A,F,I,W,V,E,V,W,R,V,F,K,I,D,P,A,E,D,E,S,K,P,K,K,L,K,L,D,D,Q,G,R,L,R,T,E,L,T,T,R,D,E,E,E,R,K,K,I,E,M,K,F,K,A,G,L,T,V,F,V,F,V,Y,K,S,Q,R,E,Y,V,L,R,T,D,T,G,G
F,D,L,D,Y,F,T,L,A,G,L,L,R,I,G,Y,W,T,L,V,N,N,K,A,T,R,I,V,N,F,W,E,S,K,N,G,T,N,G,D,R,K,V,F,I,K,S,I,D,S,F,E,G,Q,I,L,Y,Y,E,A,S,K,T,Y,F,T,Y,I,P,W,I,Y,V,Y,R,Y,K,V,L,Y,I,D,P,H,D,D,R,S,Q,R,T,W,L,I,T,D,W,K,G,I,T,F,T,T,Q,E,S,E,D,D,N,H,E,L,E,M,E,L,K,F,R,W,G,L,T,V,V,L,E,F,R,L,T,G,R,M,K,A,V,R,T,T,T,T,T
W,N,I,N,Y,F,S,R,A,E,E,L,L,Q,G,G,F,V,M,I,N,N,R,S,T,I,I,I,E,F,R,R,L,K,N,G,D,N,G,I,A,L,V,K,I,R,A,E,D,E,H,D,G,D,T,L,E,R,Q,A,S,G,T,H,F,D,L,V,A,W,V,L,T,Y,E,W,K,V,Q,R,I,I,P,H,D,D,E,N,Q,P,S,R,L,V,L,D,D,K,G,I,L,L,T,Q,L,E,T,D,D,W,N,L,W,L,E,I,K,E,K,F,D,K,G,L,T,V,R,V,Y,V,F,I,S,K,R,S,R,I,E,R,A,S,T,D,G
T,N,V,Y,F,F,T,Y,A,K,R,L,R,Q,G,G,W,I,L,I,N,G,Y,A,A,I,I,V,R,I,Y,I,S,Q,Y,G,T,N,G,L,A,R,V,R,I,E,A,I,D,S,F,L,G,L,L,F,R,Y,E,A,L,G,D,Y,F,V,Y,I,P,W,V,Y,R,Y,Y,Y,K,V,F,A,I,I,P,H,D,D,E,S,Q,P,Y,H,L,V,I,D,N,N,G,R,K,W,T,Q,L,E,S,D,D,D,D,L,R,K,L,I,E,Y,W,Y,K,A,G,Y,T,V,I,I,V,V,E,K,A,S,T,I,R,V,T,R,A,T,T,D,G
T,N,I,F,F,F,T,R,A,G,E,L,Q,R,G,G,F,V,L,I,N,G,K,A,A,K,I,T,E,L,K,I,S,R,T,G,T,N,G,V,S,W,V,E,I,K,A,R,D,T,S,D,G,K,E,H,T,L,K,A,K,S,T,Y,F,V,W,I,P,I,V,W,V,Y,T,F,K,T,L,D,I,D,P,H,D,D,E,N,R,P,S,Y,L,L,L,D,E,Q,G,R,T,R,T,N,L,E,S,D,D,D,D,L,R,L,R,I,L,L,L,F,L,W,G,Y,T,V,R,V,F,V,V,K,H,S,T,E,K,V,E,R,V,T,T,D,G
T,N,I,Y,F,F,D,F,A,K,R,L,Y,R,G,S,Y,S,A,I,N,G,L,A,T,R,V,V,R,L,E,I,S,K,T,G,T,T,G,D,K,K,V,F,I,K,A,R,D,I,T,D,G,N,I,Y,F,Y,R,A,S,G,S,Y,K,S,L,I,P,F,I,W,V,Y,V,F,R,T,E,W,I,K,P,H,D,D,E,S,Q,P,A,I,L,F,L,D,N,K,G,I,L,Y,W,Y,L,Y,S,S,D,D,K,L,N,F,L,I,K,L,W,F,K,L,G,W,L,V,M,V,F,A,V,R,H,G,D,T,R,I,E,R,A,G,T,L,G
D,N,S,Y,Y,F,L,Y,A,K,R,L,Y,I,G,D,F,V,L,I,N,G,Q,S,T,K,I,I,R,L,W,I,S,Q,N,G,N,K,G,I,A,K,V,F,I,K,S,R,D,I,Y,N,G,L,I,F,F,L,S,A,E,G,E,K,L,T,W,I,P,W,V,Y,F,Y,V,Y,A,V,Y,R,I,F,P,H,D,D,Q,S,Q,L,R,K,Y,L,L,D,N,N,G,D,Y,M,D,Q,L,E,S,Q,D,D,N,L,R,D,D,I,D,K,R,F,D,W,G,Y,T,V,Y,L,I,V,S,K,S,S,T,M,R,V,L,Y,A,T,T,G,G
T,N,V,F,W,Y,F,Y,A,K,L,L,T,Q,G,G,W,V,L,I,N,N,L,A,T,I,I,V,W,F,Y,V,S,D,G,G,T,T,G,D,A,L,T,F,I,K,A,I,D,S,H,Y,G,W,T,F,K,A,V,H,S,A,L,Y,F,T,K,I,P,W,V,W,E,F,I,R,L,V,L,R,I,I,P,H,E,I,E,Q,Y,P,F,F,L,V,T,D,D,N,G,V,K,I,T,Q,W,H,H,W,D,D,D,L,L,L,L,I,L,F,F,F,L,W,G,L,T,V,M,L,Y,H,F,K,S,K,D,T,S,T,L,K,V,S,T,T,T
W,N,I,Q,W,F,D,L,A,R,L,L,T,R,G,D,Y,I,L,I,N,G,K,S,A,K,I,I,R,L,E,K,S,V,T,G,Q,Y,G,W,F,W,V,F,I,V,A,R,R,I,F,E,G,E,T,H,Q,L,R,A,L,G,W,Y,K,T,W,V,P,I,V,F,S,Y,F,W,R,L,E,R,I,I,P,H,E,D,E,S,R,P,A,Q,F,I,L,S,S,S,G,D,L,L,Q,Q,L,R,S,E,D,K,D,L,A,L,K,I,K,E,L,F,E,R,G,L,D,V,W,V,D,V,L,R,S,Q,Q,A,R,I,R,Y,V,F,T,N,N
D,N,D,D,S,Y,G,L,A,G,L,L,L,Q,G,G,F,V,I,I,N,G,D,T,A,R,I,E,R,L,W,I,S,K,T,G,T,T,G,I,A,Q,V,W,I,L,A,R,K,T,R,E,G,E,W,K,K,Y,T,A,S,S,S,Y,I,V,K,I,S,W,V,Y,Y,Y,Y,R,K,V,F,A,I,F,P,H,D,D,E,S,Q,R,K,W,I,L,A,D,D,R,G,E,A,S,N,D,L,E,S,E,D,N,N,L,N,W,W,T,E,F,L,F,K,Q,G,L,T,V,V,L,V,F,V,T,H,G,D,T,E,A,L,R,F,R,T,T,T
D,N,Y,T,H,F,L,R,A,G,R,L,Q,R,G,G,F,S,A,I,N,G,K,A,T,R,I,E,R,L,E,V,R,D,S,G,Q,L,G,I,R,W,V,Y,I,E,S,R,V,T,F,E,G,E,W,R,R,Y,T,A,P,S,T,Y,Y,T,W,I,P,W,V,L,H,Y,E,Y,K,V,L,F,I,Y,P,H,E,L,E,R,Y,P,D,F,L,F,L,D,E,Q,G,I,K,V,T,D,L,T,S,E,D,D,N,L,N,D,K,T,K,Y,L,F,L,A,G,L,T,V,K,L,H,V,F,K,A,Q,T,E,R,V,R,R,T,S,T,T,T
Y,N,Y,H,W,F,S,R,A,G,R,L,R,Q,G,D,F,I,L,I,N,N,R,S,T,R,I,V,R,L,R,S,S,K,N,G,D,N,G,D,A,F,V,W,I,E,A,V,D,T,H,Q,G,L,T,F,F,L,M,A,S,S,S,F,Y,V,W,I,P,W,V,E,T,Y,T,Y,W,V,L,A,I,I,P,D,D,D,E,S,K,P,W,K,F,V,L,D,L,K,G,I,T,L,T,Q,H,K,S,S,D,D,N,H,N,L,E,I,F,L,K,W,K,W,G,L,T,V,R,M,F,L,F,K,S,D,T,T,R,A,L,R,A,D,T,D,N
T,N,L,Y,W,F,N,K,A,G,L,L,R,I,G,S,F,S,L,I,N,G,E,A,T,K,V,V,W,F,Y,R,T,Q,T,G,T,T,G,T,E,W,V,F,I,N,A,L,K,I,F,D,G,K,E,H,K,Y,V,A,K,K,E,Y,F,T,W,I,P,F,L,Y,H,R,V,F,K,V,F,Y,I,D,P,H,D,D,E,S,R,R,S,F,L,V,L,D,D,Q,G,R,Y,R,T,N,L,E,S,K,D,N,N,E,S,N,N,T,L,L,K,Y,L,F,G,L,T,V,R,L,H,V,F,K,A,S,E,E,R,V,I,L,S,T,T,D,N
F,N,I,T,F,F,P,R,A,R,E,L,V,V,G,G,Y,S,L,I,N,G,Q,T,T,K,I,T,R,L,Y,I,L,K,N,G,Q,Y,G,K,A,W,V,Y,I,K,A,R,D,T,H,K,G,L,E,F,K,M,K,A,R,G,E,W,F,T,W,I,G,F,V,W,F,E,E,W,I,L,L,K,I,V,P,H,D,D,E,S,K,L,F,Y,L,I,T,D,F,Q,G,R,K,D,T,T,A,T,T,E,D,D,E,L,F,L,K,T,Y,L,W,W,A,F,G,L,T,V,V,L,R,R,E,K,S,G,T,E,R,F,V,R,A,T,T,T,T
F,D,E,N,F,Y,W,Y,A,K,R,L,V,V,G,D,F,T,L,I,N,N,K,T,A,K,I,T,Y,L,Y,I,K,K,T,G,D,D,G,T,A,L,V,I,I,E,A,R,D,I,V,D,G,K,T,Y,W,Y,Q,A,K,G,E,F,L,T,K,T,S,W,V,Y,V,Y,K,Y,Q,L,Q,Y,I,D,P,H,D,D,E,S,E,D,A,K,F,I,L,S,N,T,G,Y,Y,I,T,L,I,K,T,D,L,D,D,F,R,D,W,I,K,R,L,F,K,R,G,Y,T,V,V,L,V,V,V,T,H,G,D,S,R,V,L,F,V,T,T,T,G
W,N,Y,T,T,F,P,R,S,G,E,L,T,R,G,S,Y,S,A,I,G,G,R,T,T,R,V,I,F,L,W,I,S,K,Y,G,T,T,G,D,A,L,V,F,I,I,A,R,D,S,F,D,G,R,I,F,K,Y,K,S,S,H,S,Y,K,T,L,I,S,F,V,E,F,E,W,W,S,V,R,W,I,E,P,H,E,D,E,S,K,S,S,Y,Y,Y,L,D,L,N,G,Q,F,K,W,Y,E,E,S,D,D,D,W,L,E,D,F,A,K,K,V,F,W,K,G,L,D,V,W,L,M,E,V,K,A,Q,R,T,R,V,Q,Y,A,T,T,N,N
D,N,D,Q,T,F,N,K,A,Q,R,L,R,I,G,S,W,S,I,I,N,G,K,A,T,I,V,I,R,L,R,I,T,K,D,G,T,N,N,I,A,W,V,K,I,W,A,R,D,A,F,E,G,L,L,F,F,R,E,A,K,G,Q,E,W,S,L,I,P,F,V,Y,T,Y,V,R,A,V,I,A,I,V,P,H,D,D,E,S,Q,P,A,H,F,L,L,D,N,N,G,K,K,E,N,Q,Y,H,S,K,D,D,N,L,R,D,E,I,K,E,R,W,L,K,G,E,T,V,F,V,F,I,F,V,A,Q,E,A,R,I,L,R,A,T,T,G,G
W,N,V,Y,F,F,W,L,T,G,L,L,R,R,G,G,W,A,L,I,N,G,Q,T,T,I,I,V,W,L,Y,I,L,Q,T,G,T,T,G,E,A,F,V,I,I,I,A,V,D,S,H,Q,G,L,V,F,K,R,Q,E,R,A,K,H,F,S,K,I,S,W,V,W,V,E,K,Y,K,V,K,K,I,V,P,H,D,D,E,S,R,P,A,K,H,I,L,D,D,N,G,E,L,K,T,E,L,E,T,S,D,E,E,Q,E,K,K,H,K,L,K,F,K,L,G,L,T,L,I,V,V,V,V,K,T,I,T,S,R,I,I,F,D,T,T,S,T
T,N,I,Q,F,F,L,R,A,E,E,L,R,R,G,G,F,V,L,I,N,G,Q,T,A,R,I,E,D,L,R,R,S,Q,T,G,T,N,G,I,A,W,V,L,I,F,A,K,D,I,F,Q,G,L,L,F,T,M,Q,A,L,A,L,F,W,A,K,I,A,F,V,Y,F,Y,F,Y,K,L,Q,D,I,V,P,H,D,D,E,N,R,P,K,K,Y,I,T,T,E,S,G,T,L,K,T,E,L,E,S,D,D,D,E,L,A,K,K,I,E,L,M,F,K,W,G,L,T,V,I,I,K,V,T,K,A,T,T,E,R,I,L,R,V,T,N,S,N
E,N,K,E,T,F,T,Y,A,K,L,L,R,I,G,G,W,V,R,V,N,G,K,A,T,R,I,V,D,L,R,V,S,Q,T,G,T,N,G,T,A,L,V,W,I,R,S,V,D,S,F,E,G,T,V,L,Y,L,R,V,K,K,D,Y,L,T,L,I,P,W,V,E,E,R,K,Y,I,V,L,Q,I,I,P,H,D,I,E,Q,F,P,F,F,F,L,L,D,W,K,G,I,T,F,T,K,L,E,S,D,D,D,K,L,L,E,L,A,L,R,F,F,W,W,G,L,L,V,V,L,V,V,F,K,A,K,T,E,K,V,L,R,V,T,T,L,T
T,N,I,T,T,F,P,K,A,R,Q,L,R,I,G,Q,L,I,R,I,N,G,Q,S,A,L,I,I,W,L,Y,I,L,K,N,G,T,T,G,D,S,I,V,F,V,E,A,R,D,I,H,N,G,Q,F,L,R,M,R,A,S,G,E,Y,F,T,L,I,P,W,L,Y,L,Y,T,W,K,V,V,R,L,I,P,H,D,I,K,N,Q,P,W,Y,F,V,I,T,E,E,G,K,L,E,D,K,Q,T,S,S,D,R,E,H,A,E,K,T,F,R,L,Y,W,W,G,L,T,V,V,L,F,F,Y,Y,S,S,T,K,R,A,R,E,S,T,T,T,G
T,N,I,Y,F,F,L,K,A,G,L,L,Y,I,G,G,W,V,L,I,N,G,K,A,A,I,I,T,R,L,Y,I,S,E,R,G,T,T,G,T,R,W,V,W,I,E,A,Q,D,A,F,N,G,D,T,H,Y,Y,R,A,K,H,Q,Y,K,T,W,I,P,I,I,Y,V,Y,F,Y,K,V,Q,A,I,Y,P,H,D,D,E,S,R,P,Y,K,Y,L,L,S,S,T,G,Y,L,I,D,Q,L,Y,T,D,D,D,E,R,H,K,R,I,L,Y,R,W,L,L,G,L,T,V,V,V,E,V,V,I,G,Q,I,S,R,I,T,R,A,T,T,T,T
T,D,V,I,F,F,W,K,A,E,W,L,R,I,G,G,F,V,W,I,N,G,K,T,A,T,I,T,R,L,R,I,T,K,N,G,D,N,N,T,A,F,V,I,V,D,A,R,D,T,F,N,G,E,S,H,Y,M,V,A,S,S,T,Y,W,V,K,I,G,I,V,W,Y,Y,K,W,S,V,Y,D,I,I,P,H,D,D,E,S,Q,P,A,K,L,I,L,D,S,N,G,K,Y,L,Y,L,I,K,S,S,D,D,N,L,N,D,D,I,K,R,K,Y,L,A,G,L,I,V,M,V,L,V,E,W,A,S,I,A,R,I,T,K,T,F,T,L,G
T,N,I,Q,W,F,D,L,A,G,A,L,L,Q,G,A,Y,V,L,I,N,G,K,T,A,E,I,I,Y,I,W,A,R,G,T,G,T,N,G,D,R,E,V,T,L,I,A,E,D,S,S,H,G,L,T,F,K,A,T,A,S,S,T,Q,W,M,W,I,S,F,V,W,E,Y,R,W,E,V,W,R,I,E,P,H,D,D,Q,S,Q,P,Y,K,W,I,T,S,E,L,G,L,Y,K,I,Y,L,H,S,L,D,D,D,H,N,K,E,V,F,R,R,F,R,A,G,L,R,V,W,I,Y,F,F,K,A,S,T,V,W,A,R,K,V,S,T,G,G
D,N,D,N,S,F,T,K,A,G,L,L,Y,L,G,A,F,S,I,I,N,N,R,A,T,H,I,I,R,L,E,I,S,K,G,G,T,Y,G,W,S,W,V,F,I,V,A,R,D,M,F,R,G,L,I,F,T,Y,A,A,H,K,E,Y,F,V,L,I,A,W,V,W,K,Y,I,W,K,V,I,A,I,I,P,H,D,D,E,S,Q,R,F,W,F,V,L,D,S,N,G,R,T,T,T,N,L,E,S,E,D,D,N,L,N,D,D,I,F,L,K,F,W,W,G,L,T,V,I,V,F,V,F,K,A,S,T,S,R,I,I,L,S,D,T,S,G
T,N,Q,T,T,F,N,R,A,E,W,L,L,I,G,S,F,S,V,I,N,G,K,S,T,I,V,K,Y,L,Y,V,T,K,N,G,N,I,G,V,Q,R,V,R,I,I,A,R,D,S,H,N,G,E,W,H,K,Y,E,A,W,G,Y,Y,Y,T,L,I,A,F,V,L,E,Y,K,Y,F,L,Y,K,I,V,P,H,D,D,E,S,R,E,E,K,L,I,L,D,K,Q,G,R,Y,L,Y,L,L,H,S,D,D,D,N,L,R,D,K,I,K,K,M,Y,W,K,G,L,L,V,E,V,H,V,F,A,S,G,T,M,R,I,L,Q,V,T,T,S,G
T,N,I,Q,T,Y,N,K,A,G,L,L,Q,I,G,S,F,V,R,I,N,G,K,A,T,I,V,T,Y,L,W,I,S,Q,T,G,T,E,G,Y,A,W,V,F,I,K,S,T,D,M,F,N,G,E,T,H,F,F,M,A,K,Y,S,Y,F,T,L,I,S,W,V,L,E,Y,E,R,F,V,L,A,I,V,P,H,D,D,E,S,Q,P,K,F,L,I,T,D,L,R,G,Y,T,Y,T,I,Y,E,S,S,Y,Q,W,L,N,Y,Y,T,E,E,L,F,K,R,G,L,D,V,I,V,R,I,K,K,A,S,T,E,R,V,I,E,T,T,T,S,G
T,N,I,H,T,F,L,K,A,G,E,L,R,I,G,R,F,S,S,I,N,G,L,S,T,R,I,V,N,F,W,R,A,K,T,G,T,L,G,L,A,I,V,E,I,K,A,K,D,T,H,Y,G,W,E,F,F,M,K,A,Y,W,W,Y,F,T,K,I,W,W,V,Y,I,Y,F,Y,K,V,F,W,I,K,P,H,D,D,E,S,Q,L,R,K,L,F,L,D,D,N,G,D,W,I,T,T,L,K,S,S,D,D,N,L,H,D,L,I,E,K,L,F,K,A,G,L,T,V,V,V,E,V,V,D,S,A,I,A,S,I,I,F,A,T,T,T,T
T,N,V,Q,W,F,T,R,A,E,L,L,Y,I,G,D,W,S,L,T,N,N,K,A,T,I,I,T,R,L,Y,I,S,K,T,G,T,D,G,D,A,I,V,F,I,K,S,T,D,S,F,T,G,E,T,L,F,E,A,R,K,R,T,Y,Y,T,W,I,P,W,V,R,V,F,E,W,L,V,Q,K,I,D,P,H,D,D,E,S,K,R,P,L,F,E,T,D,K,R,G,Y,K,M,K,Q,H,E,S,E,W,D,W,L,N,R,L,I,W,E,E,W,A,K,G,K,I,V,R,V,R,H,V,E,A,S,T,R,R,T,L,Y,M,S,T,L,T
T,N,I,T,T,F,K,L,A,K,L,L,R,I,G,S,Y,V,L,I,N,G,K,T,A,K,V,T,W,L,L,I,L,Q,T,G,T,N,N,L,S,F,V,Y,I,K,A,V,D,I,F,E,G,E,E,M,F,Y,A,A,H,G,E,Y,W,T,L,I,A,F,V,E,V,K,V,R,I,V,F,A,I,I,P,H,D,D,E,S,Q,P,F,W,L,V,L,D,L,N,G,D,E,E,R,N,H,E,T,D,D,D,N,L,R,D,L,I,I,K,W,F,L,A,G,L,T,V,V,V,Y,R,F,K,A,S,T,D,R,I,L,L,A,G,T,T,T
T,N,I,T,F,F,T,R,A,E,K,L,L,I,G,W,Y,S,L,I,G,G,K,A,T,I,V,I,Y,L,Y,I,K,D,K,G,E,Q,G,L,S,K,V,F,I,V,A,Q,D,M,H,D,G,T,T,L,K,A,E,F,S,G,T,H,F,T,Y,I,P,W,V,Y,R,Y,V,Y,E,V,Y,R,I,E,P,H,D,I,E,Q,R,W,S,R,L,W,L,D,E,N,G,V,W,Y,Y,Y,I,Y,S,D,D,L,W,L,Q,I,L,I,R,L,F,F,W,F,G,L,T,V,R,L,Y,A,F,T,T,G,E,T,R,I,E,R,V,S,T,S,G
T,N,I,W,Y,F,F,R,A,E,Q,L,R,I,G,S,F,V,V,I,N,N,K,T,A,I,I,T,W,L,W,I,S,K,N,G,T,N,G,K,E,L,V,Y,I,R,A,R,D,S,F,E,G,K,F,Y,T,W,W,A,H,R,L,Y,Y,V,W,I,S,F,V,W,Y,Y,F,Y,R,V,L,W,L,W,P,H,Q,D,E,S,Q,W,S,W,K,Y,L,D,D,Q,G,K,F,Y,W,Y,L,T,S,E,D,L,S,L,E,I,Y,I,K,L,E,Y,K,K,G,T,N,V,F,V,L,V,M,R,T,G,R,S,R,I,V,R,A,F,T,D,N
F,N,I,Y,F,F,F,E,A,G,R,L,R,Y,G,Q,F,I,I,I,N,N,R,T,A,I,I,V,R,F,K,K,L,K,N,G,T,N,G,T,S,W,V,H,I,W,A,R,D,M,F,R,G,L,L,F,Y,Y,A,A,K,A,T,Y,K,T,K,I,S,F,V,L,E,Y,A,Y,L,I,L,K,I,E,P,H,D,D,E,S,Q,S,A,R,F,K,T,D,N,N,G,K,E,D,K,S,L,H,S,E,D,D,D,H,E,K,E,I,K,L,K,F,K,A,G,L,T,V,K,V,F,V,F,K,A,K,E,A,R,A,L,R,S,D,T,T,T
T,N,V,Q,F,F,W,Y,A,G,L,L,Y,V,G,G,F,V,R,I,N,G,Y,T,T,I,I,T,W,L,W,V,S,Q,N,G,T,N,G,I,A,W,V,E,I,R,A,R,H,S,F,Q,G,L,W,Y,K,L,R,A,K,A,L,F,R,L,K,I,S,F,I,Y,Y,Y,V,Y,K,V,Q,Y,I,L,P,H,D,D,E,S,Q,P,F,W,L,F,L,R,E,D,G,D,Y,I,T,L,L,E,S,S,R,K,W,L,Q,L,L,I,W,L,W,W,A,L,G,L,D,V,R,V,V,V,M,K,A,Q,K,S,E,V,V,R,A,T,T,S,T
T,N,I,T,F,Y,W,Y,A,K,L,L,F,I,G,G,Y,T,L,I,N,G,E,A,A,R,I,Q,R,F,Y,I,T,T,T,G,T,Y,G,I,K,F,V,I,V,I,A,R,D,S,H,D,G,R,E,F,K,M,T,A,K,S,D,Q,L,V,K,I,P,W,V,L,R,F,K,W,K,V,L,R,V,Y,P,H,E,D,E,S,K,W,Y,L,L,F,L,D,D,K,G,I,L,I,D,K,L,F,S,D,D,L,S,L,E,L,L,I,W,W,L,Y,W,K,G,L,T,V,I,V,V,V,E,A,T,G,R,M,R,V,T,R,A,T,T,D,G
F,N,I,Q,W,Y,P,K,A,R,W,L,R,I,G,D,Y,I,E,I,N,G,K,T,A,R,I,V,R,L,Y,I,S,K,N,G,T,T,G,D,E,F,V,F,V,H,A,R,D,T,F,E,G,E,E,H,Y,L,T,A,S,G,D,Y,F,T,Y,I,S,W,T,L,F,F,R,Y,Y,V,Y,A,I,F,P,H,D,D,E,S,Q,P,A,F,H,W,L,D,S,R,G,I,F,I,T,L,L,K,S,E,D,Q,N,L,Q,D,K,I,K,E,K,W,K,K,G,E,T,V,R,V,E,V,A,I,S,G,R,S,R,I,V,R,V,T,T,S,G
D,N,R,D,F,F,L,L,T,R,S,L,R,T,G,W,Y,V,K,I,N,N,K,A,T,R,I,V,F,F,Y,E,Y,D,S,G,N,N,N,T,R,W,V,F,I,I,A,V,K,I,F,D,G,K,E,F,K,Y,R,S,K,G,D,F,F,S,K,I,P,W,I,Y,T,Y,T,W,F,V,Q,A,I,H,P,A,E,D,K,S,L,P,F,F,L,L,L,D,N,N,G,V,L,S,W,Y,Y,E,S,S,D,Q,E,L,N,Q,K,I,E,I,K,F,K,A,G,L,L,V,R,V,H,I,F,I,G,K,K,S,E,I,L,R,T,T,T,S,T
F,N,I,Y,F,F,T,K,A,G,L,L,V,R,G,A,Y,I,L,I,N,G,E,A,A,R,I,E,F,F,W,Q,S,K,Y,G,T,N,G,I,S,W,V,F,I,I,A,R,D,I,F,H,G,R,W,H,K,L,K,A,K,A,L,Y,F,T,W,V,P,F,I,Y,K,Y,T,Y,K,V,L,R,I,F,P,A,D,D,E,S,K,R,F,W,L,F,L,D,D,Q,G,D,T,I,W,K,L,E,S,E,D,D,S,L,R,D,E,I,L,K,R,F,W,A,G,S,T,V,R,V,F,V,F,Q,S,G,R,S,R,I,L,R,A,T,T,D,T
T,N,I,T,S,F,N,K,A,E,K,L,R,Q,G,H,F,V,E,I,N,N,R,T,T,K,I,V,W,F,W,R,S,K,Y,G,D,N,G,K,A,Y,A,V,I,I,A,L,D,I,F,E,G,K,E,F,K,L,T,A,H,S,T,Q,F,T,L,I,S,F,V,Y,V,Y,F,W,V,V,F,A,I,I,P,H,D,D,E,N,Q,P,F,K,L,Y,L,D,S,N,G,R,H,I,M,L,L,H,S,E,D,Q,D,E,Q,K,R,A,I,L,K,F,L,W,G,L,T,L,W,L,V,V,V,V,A,S,R,A,R,V,T,R,S,W,S,D,G
T,N,I,Y,F,F,T,R,A,E,E,L,R,R,G,G,W,V,L,I,N,G,K,T,A,I,I,V,Y,L,Y,V,Y,D,N,G,D,Y,G,I,A,R,V,R,I,K,A,I,D,S,H,E,G,Q,E,L,W,A,T,A,F,R,Y,M,W,M,W,I,S,F,V,L,F,F,Y,W,V,L,I,A,A,V,P,H,D,D,E,N,Q,P,W,F,F,V,I,S,S,S,G,E,V,R,T,T,Q,T,S,E,D,D,N,T,N,D,M,I,F,L,F,Y,L,L,G,W,L,V,I,L,D,F,R,T,S,K,R,T,R,T,E,R,F,T,T,G,G
T,N,L,T,F,F,L,L,A,G,L,L,R,R,G,S,Y,V,E,I,N,G,E,A,A,R,I,I,Y,L,Y,I,S,Q,N,G,Q,Y,G,I,A,W,V,I,I,I,A,M,K,I,H,E,G,K,I,F,V,L,Q,A,P,A,L,Y,W,V,A,I,P,V,V,Y,V,F,F,Y,Y,L,Q,A,I,V,P,H,D,D,E,S,R,P,S,H,Y,K,I,D,W,K,G,F,T,Y,T,S,H,H,S,K,D,N,N,L,N,K,E,I,L,E,R,F,L,R,G,E,L,V,I,L,R,H,V,E,T,G,T,R,R,T,E,R,A,T,T,S,G
T,N,I,Y,F,F,T,L,A,G,A,L,R,I,G,W,F,V,A,I,N,G,K,S,A,K,I,V,W,L,Y,V,K,Q,G,G,T,N,G,L,A,W,V,F,I,R,A,R,D,S,F,D,G,R,D,L,K,L,T,S,L,S,T,N,Y,V,L,I,P,W,V,Y,V,Y,V,W,V,I,Q,K,I,E,P,H,D,D,E,S,K,W,F,K,L,K,T,D,N,N,G,K,Y,K,D,E,E,H,T,D,D,L,S,L,W,L,E,A,L,F,R,W,W,K,G,L,E,V,K,L,V,F,V,D,S,L,T,T,R,A,I,F,A,T,T,S,G
T,N,I,T,F,F,L,R,A,G,E,L,R,I,G,G,I,V,R,I,N,G,E,A,A,K,I,V,R,L,W,V,S,K,D,G,T,T,G,D,S,K,V,F,I,E,A,R,K,I,H,D,G,K,V,F,F,L,R,A,S,K,D,Y,L,T,K,I,A,F,I,L,V,F,K,F,L,V,I,W,I,L,P,H,D,D,E,S,Q,P,A,I,H,F,L,S,Q,Q,G,I,K,T,T,T,L,H,S,K,D,R,K,L,Q,E,D,I,K,K,K,F,K,W,G,L,T,V,R,V,V,V,V,K,A,Q,D,E,S,I,L,Y,S,T,T,T,T
D,N,S,T,S,Y,G,Y,A,G,R,L,R,R,G,G,F,V,E,I,N,G,E,K,A,R,I,Q,Y,L,W,I,S,D,N,G,T,T,G,D,K,L,V,V,I,R,A,R,D,S,F,E,G,K,F,F,W,R,K,A,S,S,T,Y,I,T,H,I,P,W,V,Y,I,Y,F,Y,L,V,L,A,I,Y,P,H,E,D,Q,S,R,L,K,K,F,V,L,T,Q,Q,G,V,T,Y,Y,Y,L,H,T,K,D,D,N,E,K,L,R,I,E,W,R,W,K,W,G,L,T,V,R,L,E,V,R,Y,A,S,K,M,F,V,I,Q,S,T,T,T,T
L,D,L,T,S,Y,N,R,T,G,E,L,R,K,G,G,Y,V,L,I,G,G,L,T,T,R,I,E,Y,L,Y,I,R,K,N,G,T,N,G,D,R,W,V,F,I,R,A,R,D,T,T,L,G,L,W,F,F,S,Y,S,R,A,E,W,F,S,L,I,S,W,V,L,L,F,Q,Y,K,V,L,F,I,E,P,H,E,D,E,S,Q,P,S,R,L,Y,L,D,D,N,G,N,T,Y,D,Q,L,F,S,S,K,W,D,L,E,D,D,I,K,K,K,W,Q,A,G,L,T,V,I,L,F,V,Y,V,A,S,T,A,T,V,K,E,S,G,T,D,G
T,N,I,T,F,F,L,Y,S,K,L,L,I,L,G,G,F,V,L,I,N,G,K,T,A,I,I,V,R,L,Y,V,S,Q,N,G,T,N,G,Q,Q,Q,V,I,I,Y,A,V,D,S,F,E,G,R,L,F,T,L,I,S,S,S,E,A,R,S,K,I,S,W,V,Y,Y,E,I,Y,R,L,W,M,M,L,P,H,D,D,E,N,H,L,F,Q,L,F,T,D,L,R,G,D,Y,R,D,Y,F,H,S,K,D,K,D,L,F,L,Y,I,A,E,R,Y,E,E,G,T,E,V,F,L,I,F,E,K,A,D,R,I,Y,A,T,R,A,F,T,G,T
T,T,D,T,S,F,L,E,A,R,R,L,R,I,G,A,F,V,R,I,N,G,K,T,A,K,I,V,W,L,Y,I,T,K,G,G,T,T,G,L,S,W,V,F,I,R,A,V,D,I,F,E,G,T,T,F,E,Y,T,A,K,G,E,Y,F,T,E,I,S,W,I,Y,F,F,K,Y,K,V,I,A,I,V,P,H,D,D,E,N,Q,P,S,Y,F,I,L,D,D,Q,G,D,T,R,D,D,I,K,S,D,D,D,D,L,N,K,L,I,Y,L,L,Y,L,W,G,Y,T,V,V,L,V,V,V,R,A,K,T,E,K,V,L,F,A,T,T,T,T
W,N,I,Q,F,F,F,R,S,G,E,L,R,I,G,G,F,A,V,I,N,N,R,T,T,K,I,I,Y,L,Y,I,S,K,T,G,N,Y,G,L,A,I,V,F,V,V,A,K,D,T,F,K,G,Q,I,L,Y,M,A,A,S,S,T,A,F,S,K,I,S,I,V,W,Y,E,V,Y,K,V,L,A,I,I,P,H,D,D,E,S,Q,E,S,F,L,I,T,D,E,R,G,E,S,R,K,I,Y,R,S,E,D,L,E,H,D,I,R,T,K,L,R,F,A,W,G,L,T,V,R,L,V,F,T,R,S,Q,T,T,R,S,T,R,S,T,T,D,T
F,N,I,N,Y,F,L,F,A,G,A,L,V,I,G,G,F,V,K,I,N,G,K,S,A,R,V,T,W,Y,Y,E,T,Q,N,G,T,N,N,Q,A,W,V,F,I,E,A,T,D,T,H,N,G,E,T,M,Y,L,T,R,H,K,L,H,W,V,W,I,A,W,V,L,T,Y,F,Y,Y,V,F,Y,I,L,P,H,D,D,E,N,H,R,T,R,L,F,T,M,L,L,G,L,T,M,D,L,L,E,S,E,D,D,D,L,L,K,R,I,L,W,L,F,W,R,G,F,T,V,I,I,E,V,R,K,S,D,T,T,R,V,E,R,V,T,T,D,N
T,N,V,Q,F,Y,S,F,S,K,R,L,R,I,G,S,F,S,L,I,N,N,Q,S,T,I,V,F,Y,L,Y,I,F,Q,N,G,T,N,N,K,A,Y,V,F,V,R,A,Q,D,M,H,N,G,D,I,K,Q,Y,R,S,H,S,E,H,F,S,W,I,P,W,V,Y,E,Y,T,Y,A,V,Y,A,I,V,P,H,D,D,Q,S,R,P,Y,T,L,K,I,D,N,N,G,Y,L,R,T,Q,H,H,T,D,D,D,N,L,L,L,Y,M,L,W,I,F,F,L,G,L,K,L,R,I,H,V,F,K,S,Q,T,E,R,T,R,K,A,T,T,D,N
T,N,I,Y,F,Y,F,R,A,G,E,L,R,V,G,G,W,V,L,I,G,G,R,A,A,I,I,H,Y,L,Y,I,S,K,T,G,T,T,G,T,A,V,V,F,I,I,A,Q,D,A,F,H,G,W,W,F,Y,A,A,A,K,K,E,Y,W,M,K,I,P,F,I,F,Y,Y,Q,Y,K,V,I,A,I,I,P,A,N,I,E,N,L,P,F,R,F,I,L,D,D,K,G,Y,L,V,K,Q,L,H,S,S,S,D,Q,L,R,E,E,I,I,R,R,F,A,L,G,Y,T,V,I,V,V,V,V,R,A,K,E,A,E,I,R,R,A,T,T,S,G
T,N,L,Q,F,F,W,L,A,G,R,L,R,I,G,G,W,S,L,V,N,G,I,A,T,I,I,V,Y,L,W,M,K,K,N,G,T,T,G,D,S,Q,V,F,I,K,S,V,D,S,F,N,G,L,T,F,F,H,K,A,S,K,T,Y,W,V,K,I,P,F,V,Y,V,Y,K,Y,Y,V,Y,A,I,I,P,H,D,L,E,W,R,R,S,Y,L,V,L,D,N,N,G,D,L,S,T,Q,Q,E,S,E,D,D,N,L,K,W,R,I,E,Y,K,F,R,A,G,L,M,V,I,V,V,V,V,I,A,N,Q,Q,K,V,I,Y,T,T,T,S,G
T,N,L,T,A,Y,L,F,A,K,R,L,R,I,G,W,F,V,L,I,N,G,K,T,T,R,I,E,Y,L,Y,I,K,K,T,G,T,T,G,D,A,I,V,R,I,K,A,T,D,E,H,E,G,E,T,R,K,Y,E,A,P,A,E,F,W,T,W,I,A,W,V,W,V,E,K,R,K,L,V,A,I,I,P,H,D,D,E,S,Q,P,K,W,L,V,T,D,E,R,G,I,L,R,T,I,F,G,S,K,R,K,D,L,Q,L,D,A,E,K,K,Y,K,E,G,K,T,V,V,L,V,F,T,K,N,S,S,T,S,A,T,R,A,T,T,T,T
T,N,L,T,Y,Y,L,M,A,L,L,L,R,I,G,W,F,V,L,I,N,G,K,A,T,R,I,T,R,L,W,I,S,T,T,G,T,T,G,D,A,L,V,W,I,E,A,E,D,M,F,E,G,D,T,K,R,A,M,H,K,A,T,H,F,T,G,I,P,W,V,L,V,F,V,W,I,L,F,A,I,I,P,A,D,D,E,S,K,W,K,K,Y,V,L,D,L,Q,G,K,T,L,T,L,L,K,S,D,D,E,E,H,D,K,R,V,E,Q,Q,Y,K,A,G,Y,T,V,R,L,V,V,F,V,A,S,T,A,K,A,K,L,F,T,T,S,G
T,N,V,T,T,F,T,Y,A,G,R,L,R,R,G,G,Y,I,I,I,N,G,K,A,A,R,I,V,E,L,R,V,S,Q,N,G,N,Y,G,F,S,Y,V,K,V,R,A,R,D,I,H,Q,G,L,S,F,E,Y,E,A,H,A,T,Y,Y,V,L,I,P,I,I,F,V,Y,Y,Y,E,V,L,R,I,V,P,A,E,I,E,Q,L,P,E,K,L,Y,L,D,S,Q,G,Y,F,I,Y,L,L,H,S,S,D,D,N,L,N,D,I,I,K,R,L,F,K,Y,G,F,S,V,W,V,V,V,V,V,T,G,Q,A,Q,V,T,R,A,F,T,S,G
T,N,K,T,S,F,D,Y,A,G,L,L,R,Q,G,G,F,V,L,I,N,N,K,A,T,R,I,Q,Y,L,S,I,S,R,T,G,D,N,G,I,A,I,V,T,I,I,A,R,D,I,F,Q,G,L,W,F,K,Y,T,A,A,K,L,Y,K,V,L,I,P,F,V,Y,V,Y,F,Y,K,V,L,A,I,F,P,H,D,D,E,S,Q,L,T,Q,H,L,L,D,D,R,G,I,K,V,Y,R,L,F,S,L,D,D,D,L,E,N,L,I,K,Y,L,F,L,A,G,F,D,V,I,V,T,V,V,D,A,A,I,S,R,I,T,R,A,T,T,S,G
W,N,I,Y,W,F,N,K,A,S,S,L,R,R,G,L,F,V,L,I,N,G,K,V,T,R,I,E,R,L,H,I,S,Q,N,G,T,D,G,T,S,W,V,T,I,V,A,R,D,I,F,D,G,E,V,L,K,L,T,A,K,G,T,H,F,L,W,I,A,F,V,Y,K,Y,A,W,K,V,K,Y,I,L,P,A,N,D,Q,S,K,P,Y,L,F,F,L,D,D,N,G,Q,K,I,D,L,F,E,S,S,K,D,D,L,R,K,E,I,L,L,R,W,L,W,G,L,T,V,I,V,F,I,F,V,A,K,R,A,E,I,L,E,A,R,T,D,N
T,D,E,Y,F,F,F,Y,S,K,L,L,R,I,G,A,F,V,L,I,N,G,K,S,T,K,I,V,Y,L,L,I,S,Q,G,G,T,T,G,T,A,W,V,F,I,I,A,I,D,I,F,N,G,L,T,F,Q,Y,M,S,K,K,E,Y,L,T,K,I,G,W,L,L,V,Y,T,W,I,V,Q,D,L,V,P,H,D,D,E,S,R,P,R,F,L,V,L,D,D,Q,G,L,Q,E,N,R,Y,E,S,D,D,W,D,R,Q,K,E,I,E,L,R,F,E,W,G,L,E,V,R,L,V,I,K,I,D,W,I,A,K,V,T,E,V,T,T,S,T
D,N,L,K,A,F,P,K,A,K,Q,L,R,R,G,S,F,V,L,I,N,G,K,A,T,R,V,F,W,L,W,I,S,Q,N,G,D,H,G,H,S,V,V,E,I,R,A,W,D,T,H,E,G,E,E,H,K,M,K,A,H,G,D,Y,F,S,W,I,P,F,I,Y,E,Y,V,Y,T,V,V,K,L,I,P,H,E,I,E,N,Y,P,W,F,M,I,S,D,N,Q,G,I,L,D,T,S,T,E,T,Q,Q,N,S,L,L,N,E,I,I,R,R,F,L,A,G,E,T,V,R,I,V,E,R,K,S,Q,T,I,R,V,E,R,A,T,T,T,T
T,N,I,K,S,F,S,K,S,G,L,L,R,R,G,A,F,I,L,I,N,N,R,T,A,R,I,E,W,I,W,I,S,Q,G,G,T,L,G,L,A,F,V,I,I,I,A,K,D,T,F,R,G,L,T,F,Q,R,Q,S,S,S,T,H,F,D,L,I,S,F,V,Y,V,Y,I,Y,I,L,Y,K,M,D,P,H,D,D,E,N,Q,P,S,Y,H,L,L,D,E,Q,G,D,L,M,D,Q,L,T,S,E,D,K,N,L,E,E,E,I,R,R,R,Y,D,W,G,L,T,V,R,V,I,V,F,V,A,D,T,S,R,I,L,D,A,F,T,T,T
W,N,I,Q,Y,F,L,R,A,G,W,L,R,K,G,G,F,V,R,I,N,G,Y,S,A,E,I,K,R,F,W,S,S,D,N,G,T,Q,G,K,S,W,I,Y,I,V,A,R,D,I,R,H,G,I,F,F,Y,M,Y,A,L,S,L,F,W,T,E,V,A,W,V,Y,R,Y,E,K,V,V,I,A,I,I,P,A,D,D,Q,S,K,L,Y,Y,L,V,L,D,N,N,G,D,W,T,T,E,M,T,S,E,D,D,D,L,L,K,E,I,I,E,R,Y,L,A,G,L,E,V,K,V,F,I,F,V,S,T,L,A,H,I,R,E,V,T,T,G,T
T,N,L,T,A,F,P,L,A,R,L,L,R,R,G,G,F,S,L,I,N,G,K,A,T,K,I,I,R,L,Y,I,S,K,T,G,T,N,N,S,S,W,V,F,V,I,A,R,D,I,F,E,G,Q,I,L,K,M,Q,A,H,G,D,M,F,V,W,I,P,F,I,Y,K,Y,F,W,F,V,F,A,I,F,P,H,E,D,E,S,R,P,S,F,L,K,L,D,L,R,G,I,F,I,T,L,I,E,T,D,D,D,N,L,E,L,L,I,K,L,L,Y,W,F,G,L,L,V,I,V,E,V,V,V,A,S,R,S,R,V,T,R,A,T,T,S,G
W,N,Y,Q,F,F,T,R,A,G,E,L,R,L,G,G,W,I,I,I,N,N,K,A,T,I,I,V,E,L,I,V,S,K,D,G,Q,Y,G,I,A,F,V,K,V,K,A,R,D,A,F,D,G,K,L,F,E,R,I,E,L,S,T,H,W,V,W,I,M,I,T,W,F,Y,W,Y,K,V,F,R,I,I,P,H,D,D,E,S,Q,R,S,Y,L,V,L,D,D,N,G,N,W,T,T,D,L,E,S,E,D,D,N,L,N,D,R,I,K,E,L,F,E,K,G,V,D,V,I,V,D,V,T,K,A,S,R,T,R,V,T,R,A,T,T,N,N
W,N,L,Q,F,F,L,K,A,G,W,L,R,V,G,A,Y,S,A,I,N,G,K,A,T,R,V,I,Y,L,W,V,S,G,T,G,T,N,G,L,S,W,V,F,I,I,A,R,D,I,F,Q,G,E,I,H,F,L,K,A,L,S,E,Y,W,T,W,V,P,F,I,Y,V,Y,T,W,E,L,I,A,I,V,P,H,D,D,E,S,Q,L,L,R,F,V,L,D,R,N,G,K,R,I,T,T,Q,K,S,S,R,Q,W,L,L,L,R,I,I,L,Y,F,L,W,G,Y,T,L,R,V,F,I,T,K,A,D,R,E,E,I,T,R,I,D,T,T,T
T,N,L,T,T,F,L,K,A,G,K,L,R,I,G,G,Y,M,V,I,N,N,Q,S,T,T,I,V,E,L,R,I,S,Q,R,G,T,N,G,I,R,V,V,F,V,I,S,V,D,D,S,N,G,L,V,F,Q,Y,S,A,L,E,L,Y,L,A,K,I,S,W,V,Y,V,Y,E,Y,L,V,I,R,L,H,P,H,D,D,E,S,R,P,W,Q,L,E,L,T,K,L,G,I,K,I,K,Q,L,H,S,N,D,D,E,L,A,R,K,I,W,K,R,F,L,N,G,E,T,V,K,V,I,V,V,K,S,Q,N,I,F,V,K,F,A,T,T,T,T
T,N,L,F,F,F,T,K,S,G,L,L,Y,Q,G,D,F,T,L,I,N,G,Q,A,A,K,V,I,Y,I,M,I,L,K,T,G,T,N,G,N,S,L,V,F,I,K,A,K,H,I,F,Y,G,W,E,H,F,M,K,S,H,A,T,Y,F,T,Y,I,P,F,V,L,K,F,E,R,Y,L,L,D,I,D,P,H,D,D,E,S,Q,E,S,K,L,I,T,D,L,S,G,D,K,E,T,T,E,H,T,L,D,D,N,L,Q,D,E,I,K,R,R,F,R,W,G,L,N,V,I,L,R,F,L,V,A,S,T,K,R,A,Q,Y,A,T,T,D,G
T,N,V,Q,Y,F,T,K,A,G,L,L,H,I,G,D,F,I,R,I,N,G,K,T,T,R,I,Q,Y,Y,W,I,S,Q,N,G,Q,Y,N,L,K,F,S,V,V,I,A,L,D,I,F,N,G,D,W,L,K,A,K,A,H,S,S,F,K,V,Y,I,S,W,V,Y,V,E,A,W,Y,V,V,K,I,I,P,H,D,D,E,S,Q,L,E,K,L,V,L,D,L,Y,G,R,L,K,T,D,H,H,S,E,D,D,E,R,N,R,E,I,K,E,K,F,L,A,G,K,D,V,I,L,F,I,V,K,A,S,T,E,R,V,T,R,A,D,T,S,T
T,N,I,Y,F,Y,T,R,A,E,R,L,R,R,G,G,F,V,I,I,N,N,R,T,A,M,I,I,R,L,W,I,L,K,T,G,D,N,G,E,A,W,V,F,I,R,A,I,D,I,K,R,G,E,T,R,E,M,Y,A,K,G,K,Y,Y,T,Y,I,A,W,V,K,T,F,I,W,K,V,I,Y,I,Y,P,H,D,D,E,S,Q,P,S,Y,L,I,T,S,S,S,G,L,V,M,W,Y,V,T,T,D,D,K,K,T,E,E,L,I,K,R,E,F,W,R,G,S,S,V,K,L,Y,F,Y,E,A,R,E,R,F,T,W,Y,F,S,S,D,N
W,N,I,H,V,F,N,L,A,G,L,L,R,I,G,Q,F,V,V,I,N,G,K,S,T,K,I,V,Y,L,W,V,S,Q,N,G,T,Y,G,W,K,L,V,F,I,I,A,I,D,I,F,Q,G,L,I,Y,K,L,K,A,W,H,W,R,W,A,L,I,A,W,V,Y,K,Y,I,Y,Q,I,L,F,I,Y,P,H,D,D,E,S,R,P,F,Y,L,F,T,D,N,N,G,R,K,Y,T,T,L,E,S,S,Q,D,D,L,A,K,D,I,L,L,R,W,L,W,G,T,S,V,K,I,I,V,V,V,S,D,T,S,R,V,T,R,A,H,T,D,N
D,D,R,R,W,F,P,R,A,E,E,L,R,L,G,A,F,I,M,I,N,G,E,T,A,L,V,V,W,L,W,I,S,Q,N,G,T,N,G,D,A,W,V,F,V,K,A,I,D,T,H,K,G,E,T,H,W,W,V,A,K,G,Q,Y,F,V,W,I,S,F,V,Y,V,Y,Y,Y,Y,V,L,Y,L,D,P,H,D,D,E,S,R,L,S,K,K,V,L,D,D,Q,G,I,T,I,I,Y,L,H,S,E,S,Q,Q,L,E,K,E,I,K,E,R,F,L,A,G,L,D,V,I,V,V,V,V,T,S,T,T,S,R,I,I,F,V,T,T,G,T
D,N,D,T,S,F,N,K,A,G,L,L,R,R,G,M,Y,S,R,I,N,G,Y,T,T,K,I,H,W,L,Y,I,K,Q,T,G,D,L,G,I,A,E,V,K,I,R,A,R,D,I,F,R,G,I,W,F,K,Y,T,A,W,A,Q,F,W,T,L,I,S,F,V,Y,T,Y,T,Y,I,V,V,A,I,I,P,A,D,D,E,S,K,P,F,R,M,V,L,T,F,T,G,Y,L,L,T,K,L,H,S,E,K,D,D,L,L,K,R,I,I,L,Y,F,R,L,G,L,L,V,R,V,F,A,F,T,A,K,R,T,R,I,L,R,A,T,T,T,T
T,N,V,F,W,F,S,Y,A,G,S,L,R,V,G,S,F,V,L,I,N,G,L,A,A,R,V,I,Y,F,Y,I,L,Q,T,G,D,N,G,I,A,F,V,V,I,V,A,R,D,I,F,R,G,L,T,F,Q,L,K,A,K,A,L,Y,R,T,W,V,P,W,V,W,I,F,R,Y,R,L,E,D,I,V,P,H,D,D,E,S,Q,L,F,K,F,V,L,D,R,R,G,D,L,T,T,T,Y,E,S,E,D,E,N,L,R,L,E,I,L,L,K,F,L,W,G,L,V,V,W,L,F,L,F,W,A,G,I,R,R,V,L,R,A,T,T,G,T
T,N,V,Y,F,F,L,R,A,G,D,L,Y,R,G,S,F,S,L,I,N,G,K,T,T,I,I,V,W,L,W,I,S,Q,N,G,T,N,G,I,S,W,V,I,I,K,A,R,D,M,F,N,G,L,T,F,K,Y,E,A,K,S,T,Y,L,V,W,I,G,W,V,Y,T,R,R,F,K,L,L,D,I,D,P,A,D,D,E,S,K,L,S,S,L,L,T,D,D,Q,G,Y,K,Y,D,Y,H,H,S,E,D,D,N,L,Q,E,Y,T,L,R,M,F,L,L,G,V,T,V,L,T,Y,H,F,K,S,S,T,E,R,T,L,R,T,S,T,D,N
T,N,V,Y,F,F,D,L,A,G,A,L,Y,Q,G,A,Y,V,L,I,N,G,Q,A,A,R,I,Q,Y,F,Y,V,Y,Q,M,G,N,Y,G,I,S,Y,A,V,I,R,A,R,D,S,T,R,G,L,W,F,Y,L,V,A,S,S,T,Y,K,T,W,I,P,W,V,L,F,F,R,Y,Y,L,Y,E,I,Y,P,H,D,D,E,N,R,P,E,F,L,R,T,D,L,K,G,L,Y,Y,T,Q,L,T,S,S,D,D,N,E,N,D,D,I,K,F,K,F,Q,K,G,L,N,V,I,I,R,V,T,I,A,S,T,A,T,S,E,Y,S,T,T,D,N
T,N,Q,Y,W,F,P,R,S,G,W,L,R,I,G,A,Y,S,L,I,N,G,R,T,S,E,I,R,R,L,R,I,T,T,T,G,T,N,G,Q,E,W,V,Y,I,E,A,R,D,I,F,N,G,E,W,M,W,S,R,S,K,K,F,F,W,S,W,I,S,F,V,Y,V,Y,V,Y,R,V,F,G,I,V,P,A,E,D,E,S,K,A,D,L,L,I,L,D,D,K,G,I,L,F,T,Y,L,T,T,D,D,D,K,L,R,D,E,I,R,R,R,W,L,L,G,Y,L,V,Y,L,E,V,R,K,A,D,D,S,R,V,E,R,A,T,L,G,G
F,N,I,Y,W,F,N,L,A,G,L,L,Y,I,G,Q,F,I,L,I,N,N,K,A,T,K,I,V,F,L,W,K,S,E,R,G,N,N,G,I,A,K,V,F,V,I,A,I,D,I,T,N,G,E,E,H,K,L,R,A,L,K,L,Y,F,V,W,I,P,F,I,W,T,Y,V,Y,K,V,L,A,I,F,P,A,Q,D,E,S,R,P,F,H,H,L,A,D,N,R,G,I,L,L,R,Y,V,F,S,S,D,D,D,Q,E,W,R,I,L,F,L,Y,L,Q,G,Q,T,V,L,I,V,I,L,K,H,D,D,A,T,I,T,Y,V,T,T,D,N
W,N,I,T,W,F,K,L,A,G,L,L,Y,V,G,Q,F,V,L,I,N,G,K,T,T,I,V,V,R,L,W,V,S,Q,N,G,N,Y,G,I,E,W,V,W,V,K,A,R,D,S,F,D,G,K,E,Y,K,A,R,W,K,H,D,W,W,A,F,I,S,W,V,Y,K,Y,T,W,K,L,V,D,I,V,P,H,E,D,E,S,Q,P,S,F,Y,L,I,D,D,N,G,K,L,E,D,S,E,T,S,S,D,D,S,H,D,D,D,V,K,E,R,F,L,K,G,L,T,V,R,L,H,F,L,E,A,S,Q,R,E,A,R,Y,A,T,T,D,N
T,N,Q,T,T,F,T,E,A,R,R,L,Y,Q,G,G,W,V,I,I,G,G,K,T,A,I,I,I,Y,L,W,I,S,K,D,G,T,N,G,M,A,W,V,F,I,I,A,R,D,S,F,D,G,K,V,F,Y,L,R,V,Y,G,E,F,F,T,L,I,S,W,V,L,V,F,F,Y,S,V,L,A,I,I,P,H,E,D,E,S,R,L,F,F,M,V,L,S,N,D,G,D,T,Y,T,L,L,T,S,K,D,L,S,L,Q,I,L,I,I,L,W,F,R,W,G,W,D,V,W,V,I,V,V,K,A,K,R,S,R,I,I,L,A,Y,T,N,N
T,N,L,T,T,F,N,R,A,E,E,L,R,I,G,D,F,V,I,V,N,N,R,A,T,I,I,W,F,F,W,R,S,D,N,G,N,Y,G,W,R,W,V,Y,V,R,S,F,D,M,F,K,G,R,T,F,Y,L,T,A,L,G,Y,Y,W,V,L,I,P,W,V,Y,Y,Y,K,F,V,V,F,Y,I,K,P,H,D,D,E,S,Q,P,F,K,F,V,L,S,S,S,G,T,Y,Y,T,N,Y,H,S,D,D,D,N,L,R,D,D,I,E,D,K,W,K,K,G,T,D,V,I,V,V,V,A,I,A,Q,D,A,R,I,L,Y,A,T,T,N,N
T,N,L,T,F,F,T,R,A,E,E,L,T,R,G,D,Y,V,L,I,N,G,K,T,T,R,I,E,E,L,Y,I,S,K,N,G,T,N,N,D,I,V,V,F,I,R,A,R,K,I,F,D,G,K,T,F,Y,A,M,F,S,G,T,Y,F,T,W,T,S,F,V,Y,V,Y,T,Y,K,L,V,D,I,D,P,H,D,D,E,S,Q,R,A,L,F,F,L,D,D,Q,G,L,L,I,T,Q,L,K,S,E,D,D,D,L,S,K,K,I,W,W,L,F,A,L,G,L,T,V,R,V,F,V,V,I,A,E,T,S,R,I,T,R,A,D,L,T,T
T,N,L,F,Y,F,T,Y,A,G,R,L,R,I,G,G,F,V,L,I,N,G,K,S,T,K,I,V,R,L,Y,I,T,Q,N,G,T,N,G,E,A,W,V,F,I,I,A,I,D,T,H,D,G,E,T,L,Y,L,V,A,K,A,D,R,F,T,W,V,A,W,I,Y,V,Y,I,W,S,V,L,A,I,V,P,H,D,I,E,Q,E,P,S,K,F,L,L,D,N,K,G,L,T,L,T,Q,L,T,S,E,D,K,D,H,E,D,D,I,K,K,L,F,W,W,G,L,V,V,F,V,V,V,I,K,S,S,R,E,R,I,I,Y,S,F,T,G,G
K,N,I,T,T,Y,W,K,A,G,L,L,R,I,G,R,F,I,S,I,N,G,Q,T,A,K,I,T,Y,L,Y,I,S,K,T,G,T,T,G,S,S,K,V,I,I,E,A,K,N,I,F,N,G,L,T,M,W,L,K,A,D,K,T,Y,F,V,Q,I,S,F,V,L,V,F,F,R,Y,V,L,Y,I,F,P,H,D,D,Q,S,Q,P,F,F,L,K,L,D,D,Q,G,R,L,L,T,L,H,E,S,E,D,D,N,L,N,D,D,I,R,L,R,F,R,W,G,L,D,V,I,V,V,I,V,K,A,S,T,S,R,V,L,Y,A,T,T,S,G
T,N,I,T,H,F,D,D,A,K,N,L,R,Q,G,K,L,A,A,I,N,G,K,T,T,R,I,E,Y,F,F,K,Q,K,G,G,T,L,G,L,S,F,T,K,I,I,A,R,D,T,F,D,G,S,W,L,K,M,Q,A,H,A,D,Y,K,T,L,V,A,W,M,Y,E,R,R,F,K,T,F,A,I,L,P,H,D,D,E,S,Q,W,K,K,F,V,L,S,S,S,G,S,Y,T,T,T,L,H,S,D,D,E,Q,L,A,R,K,M,E,Y,L,F,K,A,G,Y,T,L,V,V,H,V,F,T,A,S,E,S,R,I,L,E,A,T,T,T,T
T,N,R,F,Y,F,L,K,A,G,L,L,Y,E,G,A,Y,V,L,I,N,G,K,T,A,R,I,Q,R,L,Y,V,S,K,Y,G,N,N,G,D,A,K,V,F,I,E,A,R,D,S,H,E,G,E,L,H,K,Y,S,A,S,S,D,Y,F,T,K,I,G,W,V,L,F,F,Y,W,K,V,L,Y,I,Y,P,H,D,D,E,N,Q,P,A,F,L,L,L,D,E,N,G,L,T,M,N,L,L,T,S,L,D,D,N,E,N,K,L,I,K,Y,L,Y,K,K,G,L,D,V,I,V,V,V,E,K,S,T,R,M,Y,I,T,R,S,T,T,S,G
T,N,Q,Q,F,F,L,R,A,E,R,L,R,V,G,S,F,V,W,I,G,G,Y,T,T,R,V,I,R,L,E,I,S,D,T,G,E,N,G,I,K,K,V,V,I,W,A,R,D,I,F,D,G,R,L,F,E,M,K,A,W,A,R,Y,Y,V,K,I,G,W,V,L,L,Y,T,F,I,V,Q,Y,I,L,P,H,D,D,E,S,K,P,A,L,F,F,L,D,N,N,G,Y,Y,I,D,L,L,E,T,D,D,D,E,K,R,W,K,I,E,Y,K,W,K,A,G,L,T,V,K,V,Y,V,K,K,A,S,T,T,R,I,D,Q,L,S,T,D,G
T,N,L,T,F,F,T,L,A,S,L,L,R,I,G,G,I,I,L,I,N,G,K,A,A,K,I,T,R,L,H,I,Y,E,T,G,T,T,G,T,A,W,V,W,V,D,A,V,D,I,F,N,G,L,T,F,Y,M,M,A,K,S,T,Y,W,V,W,I,A,Y,V,Y,V,Y,A,Y,T,V,E,W,I,Y,P,H,D,D,E,K,L,P,A,L,W,F,T,D,N,N,G,Y,H,H,R,Y,W,H,H,S,D,D,N,L,R,L,R,V,K,L,E,F,W,W,G,W,T,V,V,L,Y,F,V,H,A,S,I,T,R,A,T,R,T,T,T,T,T
T,N,L,T,T,Y,Y,R,A,G,R,L,T,V,G,D,F,V,R,I,N,G,K,A,A,L,I,I,Y,L,Y,I,K,Q,T,G,T,N,G,D,A,F,V,R,I,I,A,V,D,I,F,N,G,L,V,F,Q,L,E,A,S,K,E,Y,Y,V,R,I,P,F,V,Y,V,Y,V,W,A,L,Q,A,I,I,P,H,E,D,E,S,Q,P,F,Y,F,L,T,D,N,Q,G,K,L,M,Y,Q,E,T,S,S,D,D,D,H,N,K,E,I,L,M,K,F,L,W,G,L,L,V,L,L,K,F,Y,E,A,K,Q,R,K,A,L,R,S,T,T,S,T
T,N,Q,T,T,F,S,R,A,K,L,L,T,I,G,A,Y,I,I,I,N,N,R,A,A,R,I,T,W,L,Y,I,T,Q,T,G,N,T,G,T,E,W,A,F,V,K,A,R,D,T,F,E,G,K,E,M,K,L,V,A,K,G,T,Y,Y,T,L,V,P,W,V,W,L,Y,V,Y,I,T,L,Y,I,Y,P,H,D,D,E,S,Q,P,A,F,F,V,L,D,N,Q,G,K,F,I,T,L,L,E,S,E,D,K,D,L,E,E,R,M,R,R,L,F,Y,F,G,Y,T,L,K,V,Y,V,E,W,A,S,I,A,R,I,T,R,A,S,T,G,T
T,N,L,T,T,F,N,R,S,G,E,L,R,R,G,G,F,T,R,I,N,G,K,A,T,I,I,V,G,F,W,L,A,Q,N,G,D,N,G,I,A,I,T,Y,I,K,A,R,D,S,F,N,G,E,T,H,F,R,A,S,K,K,L,D,F,D,L,I,P,W,V,Y,E,Y,E,Y,I,I,Y,Y,I,L,P,H,D,D,E,N,Q,L,D,W,L,K,T,D,N,R,G,I,Y,V,T,T,H,E,S,E,D,D,E,L,Q,D,K,I,K,K,W,F,L,K,G,L,L,V,K,T,V,H,K,K,A,N,T,D,R,A,T,E,V,T,T,T,T
T,N,L,T,T,Y,L,L,A,G,R,L,R,K,G,G,Y,V,E,I,G,G,E,S,A,R,I,V,R,L,R,I,S,D,T,G,T,N,N,T,K,W,V,D,I,R,A,I,D,I,F,E,G,R,T,R,E,M,Q,A,K,A,L,M,W,V,K,I,G,W,L,L,T,Y,T,F,K,L,I,A,I,F,P,A,D,D,E,S,L,P,Y,W,F,L,L,D,E,N,G,V,T,M,N,Q,L,T,S,Q,D,E,E,L,N,R,E,I,W,R,K,F,A,A,G,L,T,V,K,L,F,V,F,K,S,S,R,S,R,V,I,L,A,T,T,D,N
F,N,I,Y,F,F,L,K,A,G,L,L,Y,I,G,G,W,I,E,I,N,G,K,A,A,I,I,I,Y,F,W,S,S,K,T,G,T,D,G,T,S,K,V,F,I,I,A,R,D,A,F,E,G,K,I,F,Y,L,K,A,E,K,E,Y,W,V,K,I,P,I,I,Y,L,Y,T,K,K,V,R,Y,I,E,P,H,D,D,E,S,Q,R,S,R,L,F,T,D,E,N,G,D,L,S,D,Q,Q,H,S,S,D,D,D,Q,E,K,R,A,R,L,W,F,W,Y,G,W,D,V,K,L,F,F,F,T,M,G,Q,T,E,M,E,R,S,T,T,D,N
T,N,Q,F,W,F,N,K,A,G,L,L,Y,R,G,A,F,S,L,I,N,G,K,T,T,K,I,V,R,L,W,I,S,Q,N,G,T,D,G,S,S,K,V,W,I,E,A,K,D,I,H,N,G,L,T,F,R,L,Q,A,D,S,T,R,F,T,W,I,S,W,V,Y,T,Y,Q,F,K,L,F,K,I,I,P,H,D,D,E,S,K,P,P,K,Y,I,T,D,D,N,G,N,Y,R,N,D,H,H,S,N,D,D,D,L,N,K,E,I,K,E,K,F,L,E,G,K,T,L,V,E,Y,H,F,L,S,E,D,D,Q,T,I,L,I,S,T,T,T
D,N,L,T,A,Y,P,F,S,G,R,L,R,I,G,H,F,V,L,I,N,G,K,S,T,T,I,I,R,L,W,I,S,K,T,G,D,L,G,I,A,W,V,V,I,R,S,K,D,S,F,N,G,E,E,H,E,A,K,S,Y,K,E,Y,R,S,W,V,S,W,V,E,Y,R,V,Y,A,V,F,Y,I,D,P,H,D,D,E,N,E,R,S,F,L,W,T,D,N,N,G,I,Y,R,Y,E,H,K,S,S,D,K,D,L,E,E,L,I,K,L,L,W,K,L,G,L,L,V,F,V,I,H,T,R,S,E,Q,E,E,T,T,R,A,H,T,D,N
T,N,V,T,F,F,L,L,A,G,Q,L,T,Q,G,D,F,V,K,V,N,N,E,A,T,R,I,T,E,L,R,K,S,D,N,G,D,L,G,L,S,W,V,F,I,K,S,T,D,I,T,H,G,R,T,H,F,L,T,A,L,S,L,H,F,L,E,I,A,F,I,L,V,Y,Q,Y,S,V,Q,A,L,V,P,H,D,D,E,S,Q,P,W,K,T,I,L,T,N,T,G,T,K,T,T,T,L,E,S,H,D,N,N,L,N,D,D,M,K,E,R,F,W,R,G,Y,T,L,M,V,V,V,V,I,H,G,T,S,R,I,E,R,I,F,T,L,G
T,N,L,T,F,F,N,R,A,G,L,L,R,I,G,G,F,V,L,I,N,G,K,S,A,I,I,V,R,L,W,I,S,Q,G,G,T,N,G,E,S,W,V,R,I,K,A,I,D,S,H,D,G,E,T,M,Y,A,E,F,K,A,T,Y,Y,V,W,I,P,W,I,Y,V,Y,F,W,T,V,Q,K,I,I,P,H,D,D,E,S,R,H,F,Y,L,V,L,D,N,N,G,K,F,T,T,D,L,E,S,D,D,D,E,L,W,K,K,I,L,E,L,F,W,K,G,F,I,V,V,V,T,V,V,I,S,G,T,A,R,V,T,K,T,T,T,L,G
T,N,I,T,T,F,T,K,A,E,L,L,Y,V,G,D,W,S,T,I,N,G,K,T,T,I,I,V,E,L,V,I,L,K,N,G,Q,Q,G,R,K,W,V,Y,V,R,A,K,D,S,F,N,G,E,T,H,K,Q,V,A,H,G,E,Y,F,L,L,I,S,W,M,Y,T,E,V,Y,H,I,Q,K,I,I,P,H,E,D,E,N,R,P,F,F,L,I,T,D,D,N,G,L,L,L,K,L,H,T,S,S,D,D,D,L,N,K,R,I,F,L,R,F,W,L,G,T,A,V,R,T,V,H,L,K,G,G,T,Q,R,T,V,F,V,H,T,T,T
W,N,I,T,T,F,D,L,A,G,Q,L,R,I,G,W,L,V,A,I,N,G,Q,T,A,K,I,V,Y,Y,A,E,T,K,T,G,T,I,G,H,A,I,V,E,I,I,A,I,D,T,H,K,G,L,E,F,K,Y,K,A,F,W,Y,F,K,S,L,I,S,F,L,Y,L,Y,T,Y,A,V,Y,K,I,L,P,H,D,D,E,S,Q,L,K,L,F,F,L,D,N,N,G,K,M,Y,D,Y,L,Y,S,E,K,R,E,L,S,E,K,I,E,Y,L,F,K,L,G,L,L,V,L,V,F,V,K,K,S,D,T,S,R,V,E,E,A,T,T,D,G
D,N,R,Y,F,F,D,L,A,G,L,L,R,D,G,A,F,I,L,I,N,G,K,A,T,K,I,H,Y,L,Y,I,S,Q,T,G,T,Q,G,I,R,W,V,F,V,I,S,R,D,I,Q,N,G,L,W,F,Q,A,M,F,P,H,L,Y,K,V,W,I,P,F,I,Y,Y,F,V,F,K,V,Q,W,I,K,P,H,D,D,E,S,K,P,F,Q,F,F,L,T,E,L,G,I,F,I,N,Q,L,Y,S,D,D,W,N,L,A,W,K,I,W,L,L,F,L,L,G,Y,T,V,R,V,V,V,V,K,A,S,T,M,F,I,W,Y,S,T,T,S,G
F,N,I,Q,F,Y,S,Y,A,K,K,L,R,I,G,D,Y,V,L,I,N,G,K,A,T,R,I,E,Y,L,Y,I,T,T,G,G,Q,Y,G,I,R,L,V,T,I,I,A,R,D,I,F,E,G,Q,E,L,K,Y,Q,A,A,A,Y,F,E,T,W,I,P,W,I,Y,M,Y,I,W,K,L,Q,K,I,I,P,H,S,D,E,S,R,R,R,F,F,V,I,D,D,R,G,E,Y,R,Y,Y,L,E,S,S,D,Q,N,L,K,D,D,I,E,K,R,Y,K,F,G,L,T,V,I,L,F,A,F,K,G,S,K,I,E,V,L,R,A,T,T,S,T
T,N,I,W,Y,F,S,K,A,G,Q,L,R,I,G,R,Y,V,V,I,N,G,F,T,A,R,I,V,W,L,Y,V,S,Q,S,G,T,T,G,L,E,F,V,F,I,K,A,I,E,I,F,Q,G,R,T,F,F,M,W,A,P,R,E,Y,F,V,W,I,S,W,V,Y,K,Y,K,Y,I,V,F,R,I,I,P,H,D,D,E,N,R,P,T,F,L,V,L,D,L,R,G,I,Y,T,T,E,L,E,S,D,D,K,D,L,R,I,L,I,L,L,W,F,W,W,G,W,I,V,V,V,V,V,V,T,T,G,T,S,R,I,T,E,T,T,T,L,T
D,N,D,N,T,F,T,Y,A,K,R,L,R,R,G,G,Y,T,T,I,N,G,R,A,T,I,I,V,R,L,Y,L,S,D,G,G,D,L,G,L,R,K,V,F,I,I,A,R,D,S,F,E,G,R,E,F,K,L,K,A,L,G,E,Y,L,T,L,I,P,W,V,L,S,Y,K,Y,I,L,Y,Y,I,L,P,H,D,D,E,S,Q,D,F,Y,L,K,T,D,D,Q,G,L,Y,S,T,Q,L,H,S,R,D,D,N,T,Q,K,E,I,R,E,R,F,L,A,G,L,T,V,V,L,D,D,E,I,A,E,R,S,R,F,T,R,V,T,T,L,G
W,N,I,T,F,F,Y,K,A,G,L,L,Q,R,G,G,F,V,E,I,N,G,E,T,T,K,I,V,Y,L,W,K,S,T,S,G,N,N,G,D,V,W,V,F,I,K,A,V,D,I,F,E,G,R,L,H,E,R,I,E,K,A,T,H,W,T,R,I,S,W,I,E,V,Y,F,W,K,T,L,Q,I,I,P,H,D,D,E,S,R,N,S,L,H,I,H,D,S,K,G,I,L,H,T,G,T,F,S,D,D,K,E,L,E,E,K,I,K,K,K,F,K,D,G,L,T,V,V,T,V,H,I,K,A,K,R,E,R,I,Q,Y,S,T,T,T,T
T,N,I,Q,W,F,D,F,A,G,A,L,F,I,G,A,F,V,L,I,N,G,R,T,A,R,V,E,Y,F,Y,R,T,K,T,G,Q,Y,G,I,A,W,V,F,I,I,A,K,D,S,F,E,G,R,T,F,T,L,Q,A,K,A,L,Y,W,L,W,I,P,W,L,Y,E,Y,K,Y,I,T,F,K,I,E,P,H,E,D,E,S,R,P,F,K,L,V,I,D,S,S,G,Y,Y,L,T,Q,Q,H,S,K,D,Q,N,L,Q,N,N,A,L,E,K,Y,W,E,G,T,T,L,I,L,I,F,F,T,S,S,R,T,R,A,L,K,A,T,T,D,G
T,N,I,Q,F,F,L,R,S,R,Y,L,R,R,G,G,F,I,E,I,G,G,L,T,A,K,I,V,R,L,E,I,S,K,N,G,T,T,G,Q,T,W,V,V,V,V,A,R,D,I,H,Q,G,L,V,F,Y,Y,V,A,L,S,D,Y,Y,T,K,I,S,F,V,Y,E,Y,T,Y,R,V,F,D,I,V,P,H,D,I,E,Q,Q,L,Y,Y,L,I,L,D,E,K,G,D,T,T,T,T,L,E,S,D,D,D,D,L,Q,K,D,I,L,E,R,F,L,K,G,L,T,V,R,V,H,V,F,A,S,S,T,M,R,I,L,K,A,T,T,D,N
T,N,I,Q,T,F,D,Y,A,Q,L,L,R,E,G,G,F,V,V,I,N,G,E,T,A,K,I,V,R,L,W,M,S,K,T,G,T,N,G,T,S,F,V,W,I,K,A,R,D,T,S,H,G,R,E,H,F,L,T,A,K,S,T,Y,R,V,L,I,S,I,V,F,Y,Y,K,Y,K,L,I,K,I,V,P,H,E,D,E,S,R,P,F,Q,Y,I,I,T,S,L,G,I,S,F,Q,Q,F,Y,S,E,D,D,E,R,N,K,R,I,L,E,K,F,R,K,G,Q,T,V,V,L,L,V,T,T,H,S,D,S,R,V,T,H,A,T,T,T,T
T,N,I,K,S,Y,F,L,A,G,A,L,V,V,G,A,F,V,L,I,N,G,E,A,T,K,I,V,W,L,W,I,S,K,T,G,T,T,G,E,S,R,V,F,I,K,A,R,D,T,D,E,G,R,E,F,K,R,T,S,H,A,L,H,W,D,K,I,P,W,V,Y,V,Y,V,W,K,V,F,Y,I,Y,P,H,D,D,Q,S,Q,P,Y,R,H,I,L,D,D,N,G,K,F,T,Y,T,H,H,S,K,D,D,D,L,Q,K,K,I,L,W,L,F,L,A,G,Y,T,V,L,V,V,I,F,S,N,S,R,K,M,I,L,R,A,T,L,D,N
T,N,L,F,Y,F,W,L,A,G,R,L,T,V,G,S,F,S,L,I,N,G,K,A,T,I,I,V,Y,L,Y,I,L,K,T,G,T,N,G,D,A,F,V,F,V,V,A,V,D,S,F,T,G,E,V,L,V,M,R,A,S,A,S,Q,F,V,R,I,P,W,V,Y,Y,Y,V,Y,E,V,K,Y,I,Y,P,H,D,D,Q,S,Q,P,A,R,L,L,I,T,Q,Q,G,V,L,S,D,T,L,H,S,W,Y,D,D,W,R,W,I,I,E,F,Y,F,R,Q,G,Y,T,V,E,I,V,V,E,K,A,Q,T,S,R,V,I,F,A,T,T,T,T
T,N,D,Q,F,F,L,K,A,K,L,L,Y,R,G,G,F,S,A,I,N,N,R,T,T,K,I,V,W,L,Y,I,T,D,N,G,R,Y,N,T,S,L,V,Y,I,R,A,L,D,I,F,D,G,L,T,F,E,A,A,Y,S,G,D,Y,K,T,K,I,A,F,L,Y,E,Y,T,Y,I,V,F,R,I,I,P,H,D,D,E,D,K,P,A,F,L,E,L,D,S,S,G,D,I,Y,R,Y,L,E,S,D,D,D,D,L,R,K,K,M,R,L,I,W,R,W,G,L,T,L,R,V,H,A,F,K,A,S,T,K,R,V,E,R,I,S,T,S,T
D,N,M,Y,W,F,S,R,A,E,L,L,I,L,G,G,F,A,L,I,G,G,L,T,T,L,I,I,R,L,W,I,S,Q,N,G,T,N,G,E,P,V,V,V,V,R,A,V,D,I,T,Y,G,W,L,F,E,M,T,A,R,R,Y,H,L,V,W,I,P,F,I,Y,E,Y,E,W,K,L,R,D,I,I,P,H,D,D,E,S,R,P,F,Y,L,V,L,D,E,N,G,Y,F,F,T,Y,V,E,S,L,D,E,E,L,L,R,E,I,F,K,R,Y,A,W,G,Y,T,V,I,L,R,I,K,V,H,T,W,A,T,V,T,E,A,T,T,D,G
T,N,I,T,F,F,W,L,A,K,L,L,L,R,G,G,F,V,E,I,G,G,D,S,A,R,I,I,Y,L,W,V,S,Q,N,G,T,L,G,L,S,Q,V,I,I,I,A,R,D,T,H,D,G,R,I,F,V,L,Q,A,S,S,T,A,W,T,K,I,S,W,V,Y,V,R,K,Y,Y,I,F,F,I,L,P,A,D,D,E,S,L,P,Y,R,L,L,I,D,L,R,G,Y,Y,Y,W,F,F,H,S,S,D,E,D,L,L,K,L,R,L,F,W,F,W,Y,G,Y,M,V,I,S,E,F,R,T,S,E,R,T,E,A,T,R,T,T,T,S,G
Y,D,L,T,T,F,N,H,A,K,L,L,R,I,G,W,F,V,V,I,N,N,R,T,A,I,I,V,W,L,W,I,S,Q,N,G,Q,Y,N,L,A,L,V,V,I,K,A,V,D,S,H,D,G,R,T,F,F,M,Q,A,L,G,D,D,Y,T,L,I,S,F,V,Y,E,Y,V,W,R,V,E,W,I,Y,P,H,D,D,E,S,R,R,S,R,F,Y,L,T,W,K,G,L,Y,I,W,F,L,Y,S,E,K,Q,E,L,E,D,E,I,K,K,R,F,K,W,G,Y,A,V,Y,V,F,V,F,K,S,S,T,S,R,I,L,K,S,G,R,D,G
T,N,I,Q,T,F,D,Y,A,D,R,L,R,Q,G,G,Y,S,I,I,N,N,K,A,T,R,I,E,F,L,W,K,S,Q,N,G,T,T,G,D,E,K,V,F,I,K,A,T,D,I,F,H,G,E,T,H,K,L,E,A,S,K,T,Y,R,T,L,V,P,W,V,Y,V,Y,E,W,L,I,Q,Y,I,I,P,A,E,D,E,S,K,P,A,L,L,I,T,D,D,N,G,D,W,R,N,Q,Y,F,S,E,D,D,N,L,N,D,L,E,K,W,L,F,K,A,G,Y,V,L,K,S,K,F,T,K,A,Q,T,I,R,S,T,R,A,T,T,T,T
T,N,I,Y,T,Y,T,R,A,G,R,L,R,Q,G,G,Y,S,S,V,N,G,Q,T,T,R,V,H,W,L,W,I,S,K,T,G,T,T,G,I,A,W,V,F,I,R,S,R,H,I,F,D,G,R,W,F,F,A,V,H,K,S,Y,E,F,D,L,I,S,W,V,L,W,F,V,Y,R,V,Q,R,I,D,P,H,E,D,E,S,K,P,S,W,L,V,T,D,D,N,G,F,L,Y,K,Q,L,E,S,D,D,E,E,L,Q,K,K,I,K,L,W,F,W,W,G,Y,D,V,L,I,F,V,A,K,A,S,T,S,R,I,V,K,V,G,R,N,N
W,N,I,T,F,F,L,F,A,G,R,L,Y,L,G,G,F,V,R,I,G,G,K,T,T,E,I,H,Y,F,F,T,S,D,N,G,L,Y,G,L,L,R,V,F,I,I,A,R,D,I,F,Q,G,E,W,L,Y,R,E,Q,S,A,Y,S,W,V,W,V,S,F,L,Y,I,Y,R,Y,K,L,Y,A,V,I,P,D,D,D,E,N,K,P,A,K,F,V,T,D,D,R,G,L,T,Y,T,Q,Q,K,S,E,D,E,D,F,N,R,D,V,F,K,K,F,R,L,G,Y,T,V,I,L,E,F,R,R,A,K,T,E,R,A,E,R,S,T,T,S,G
F,N,L,Q,W,F,S,Y,A,R,A,L,R,R,G,G,Y,V,L,I,N,G,K,A,A,K,I,V,R,L,Y,V,S,K,S,G,Q,N,G,D,S,V,V,F,I,K,A,R,D,I,H,D,G,E,T,H,F,K,T,A,S,G,T,H,F,M,W,I,P,W,V,W,E,Y,V,Y,A,T,I,R,L,I,P,A,E,D,Q,S,R,E,S,W,H,L,H,T,S,T,G,Y,R,F,D,T,H,K,S,D,D,D,N,R,N,D,D,I,K,K,L,F,K,K,G,L,T,V,M,T,V,H,F,E,S,N,R,R,R,T,L,K,S,T,T,L,G
T,N,L,Q,F,F,D,K,A,R,L,L,R,R,G,W,F,V,L,I,N,G,K,S,T,R,I,I,W,F,Y,M,T,D,G,G,T,T,G,L,A,W,A,F,I,L,A,M,D,E,F,E,G,K,L,F,T,Y,M,A,L,A,E,Y,K,T,W,I,P,F,V,Y,V,Y,T,F,K,T,L,R,I,V,P,H,D,D,E,N,K,P,A,T,L,V,L,S,S,D,G,I,T,V,T,T,L,H,H,K,D,L,E,H,L,L,E,M,K,F,K,F,W,W,G,T,T,L,R,V,F,V,Y,L,A,N,E,A,R,I,L,R,I,D,T,D,N
T,N,I,Q,T,F,L,K,A,G,L,L,R,I,G,G,Y,V,R,I,N,N,Q,A,A,I,I,I,R,L,Y,I,S,Q,S,G,T,T,G,T,R,W,V,L,I,F,A,L,D,D,S,R,G,L,L,F,T,L,K,A,K,E,T,Y,F,L,K,I,P,I,V,F,V,Y,F,Y,V,V,Y,A,I,F,P,H,D,D,K,S,R,L,A,L,Y,L,L,D,N,N,G,D,L,D,D,S,L,Y,S,E,D,D,N,L,N,D,L,I,F,K,F,Y,K,W,G,L,T,V,V,V,T,V,V,Q,H,K,E,A,R,I,I,Y,V,T,T,T,T
T,N,I,T,T,F,R,L,A,G,A,L,Q,R,G,G,Y,V,V,V,N,G,K,T,T,R,V,H,Y,Q,W,E,S,D,G,G,D,N,N,T,A,W,V,F,I,L,S,E,D,I,F,N,G,E,W,H,T,H,R,A,K,K,L,W,W,A,Y,V,S,W,V,Y,R,Y,V,W,K,V,I,Y,I,Y,P,H,D,D,E,S,Q,D,D,F,F,L,L,D,D,Q,G,R,Y,I,D,Q,V,K,H,S,D,K,D,F,K,E,L,I,K,K,W,Y,K,A,G,L,T,V,R,V,I,I,E,R,A,S,T,S,R,I,V,R,A,T,T,T,T
T,N,L,T,T,F,T,L,S,G,L,E,L,Q,G,S,H,S,A,I,G,G,Y,A,T,R,V,V,R,F,Y,K,Q,Q,N,G,T,T,G,D,E,F,T,R,H,F,A,L,D,I,F,E,G,R,L,F,Q,M,E,A,K,K,K,Y,W,T,L,I,P,F,T,Y,T,Y,V,Y,A,V,I,A,I,L,P,H,D,D,E,S,Q,P,W,K,L,I,L,D,N,N,G,D,T,R,T,T,L,H,S,R,D,K,D,L,E,L,N,I,W,F,L,F,R,Q,G,L,T,V,L,V,V,V,V,K,A,Q,R,E,E,I,L,F,I,T,T,D,N
T,N,Q,T,S,F,L,R,A,E,W,L,R,I,G,A,F,V,K,I,N,N,R,S,T,I,I,V,R,L,E,I,S,Q,N,G,N,Y,G,I,R,I,V,W,I,K,A,V,D,M,F,D,G,R,V,F,Y,L,T,A,W,G,L,F,W,T,E,I,P,W,V,Y,E,Y,V,R,Y,V,V,A,I,V,P,H,E,D,E,S,Q,R,Y,K,F,V,T,D,L,N,G,Y,R,S,Q,T,Q,E,T,D,D,L,S,R,F,L,D,I,I,F,K,F,L,A,G,V,L,V,I,I,Y,I,R,V,S,E,T,A,R,V,T,R,T,S,T,D,N
D,D,N,D,T,F,T,Y,A,G,R,L,Y,I,G,A,F,V,R,I,N,G,R,A,A,R,I,V,R,L,Y,I,T,K,N,G,D,N,N,R,A,F,V,E,I,R,A,V,D,T,F,R,G,L,V,F,Y,Q,R,A,H,A,L,H,Y,M,L,I,S,I,V,Y,V,Y,I,Y,H,V,Y,A,I,I,P,H,D,D,E,S,R,P,K,Y,L,V,I,S,S,D,G,T,M,Y,T,E,L,E,S,S,D,D,D,L,K,L,K,I,E,L,L,W,R,W,G,L,D,V,W,I,V,V,V,V,A,S,I,K,E,V,R,Y,S,F,T,G,T
T,N,I,T,S,F,P,M,S,G,L,L,R,I,G,G,Y,S,I,I,N,N,K,T,T,K,I,V,R,L,W,I,S,K,N,G,D,N,G,D,R,K,V,T,I,V,S,I,D,T,F,N,G,E,I,L,K,R,T,S,D,A,Y,Y,Y,S,L,I,A,W,V,Y,F,R,F,Y,M,V,F,H,I,Y,P,H,D,D,E,S,Q,P,Y,W,Y,W,I,D,F,R,G,Y,T,S,T,T,Q,E,S,E,D,D,N,L,A,K,R,I,L,M,L,F,L,Y,G,L,T,V,V,V,E,V,V,T,S,E,I,S,R,I,L,Y,A,T,T,L,G
D,N,V,Y,F,Y,T,Y,A,K,R,L,R,I,G,Q,F,S,L,I,G,G,K,T,T,I,I,V,D,L,Y,I,K,D,N,G,T,N,G,Q,A,Y,I,K,I,K,A,I,D,S,H,E,G,K,T,L,F,M,E,A,H,K,E,Y,K,T,Y,V,S,W,T,Y,F,Y,A,Y,K,V,Q,Y,I,D,P,A,D,V,E,Q,L,P,S,T,L,V,L,D,E,K,G,V,L,T,T,T,L,H,S,E,D,L,K,L,S,W,E,I,K,K,K,F,K,A,G,L,T,V,V,V,F,V,S,T,T,G,T,S,R,V,T,R,A,T,T,T,T
D,N,Q,Y,F,F,W,K,A,R,L,L,R,R,G,G,F,V,M,I,N,G,K,T,A,K,I,V,W,L,Y,I,T,K,T,G,T,Q,G,I,S,F,V,Y,I,R,A,R,D,S,H,E,G,K,V,L,Y,L,A,A,E,G,D,R,W,V,A,I,S,F,V,Y,V,Y,F,W,K,V,Q,Y,I,Y,P,H,D,D,W,S,R,P,F,Q,L,F,L,R,E,Q,G,L,L,M,N,T,H,H,S,L,D,Y,E,L,L,M,K,I,M,D,L,F,A,K,G,L,T,V,V,V,V,I,V,R,S,G,R,S,Y,V,E,R,V,T,T,T,T
K,N,I,K,T,F,N,R,A,G,E,L,R,Q,G,D,F,V,V,I,N,G,K,T,A,K,I,V,W,L,W,I,S,D,N,G,K,F,G,I,A,V,V,V,I,K,A,I,D,I,H,E,G,K,T,F,W,L,Q,A,A,E,F,Y,F,V,L,I,S,W,V,Y,L,Y,R,Y,E,V,Q,R,I,I,P,H,D,D,E,D,K,P,F,L,L,V,L,D,E,K,G,I,L,Y,V,Y,L,K,S,D,D,W,N,L,L,E,L,I,K,R,L,Y,L,A,G,Y,T,V,R,V,Y,V,F,K,S,D,E,E,R,V,W,F,T,S,T,T,T
T,N,I,Q,F,F,L,Y,A,G,A,L,F,V,G,A,F,I,R,I,G,G,Q,S,A,L,I,V,E,M,R,I,L,Q,T,G,N,N,G,L,S,K,V,Y,I,R,A,I,K,T,F,D,G,K,L,F,Q,Y,A,A,L,A,L,Y,W,V,K,I,A,F,T,W,Y,Y,Q,Y,Y,L,Y,A,I,I,P,H,D,D,E,S,Q,L,A,L,Y,V,L,S,S,S,G,Y,L,T,T,T,I,V,S,K,D,D,D,L,S,K,R,I,K,I,L,Y,E,L,G,L,T,V,I,V,V,V,E,M,S,S,T,A,R,I,V,R,V,T,T,D,N
W,N,I,Q,W,F,D,R,A,G,E,L,Q,Q,G,G,F,V,L,I,N,G,K,T,A,R,I,E,Y,L,Y,I,S,Q,G,G,T,T,G,T,A,W,V,F,I,I,A,R,D,I,F,Q,G,I,W,F,Y,Y,R,A,K,S,T,Y,K,V,W,V,A,W,V,Y,T,Y,V,Y,S,V,Q,F,L,L,P,H,E,D,E,S,Q,P,S,W,H,I,L,D,N,N,G,L,K,W,N,Q,L,E,S,S,D,K,K,H,E,E,E,I,W,K,K,F,L,A,G,L,T,V,L,L,K,V,F,R,S,N,T,T,R,V,L,L,S,T,T,D,N
K,N,I,T,F,F,L,K,A,E,L,L,Y,Q,G,D,F,T,L,I,N,N,K,A,T,K,I,I,W,L,W,I,S,K,T,G,T,E,G,K,A,K,V,F,I,R,S,R,D,T,F,E,G,Q,E,L,Q,M,T,R,K,G,D,F,F,T,F,I,P,F,V,Y,V,Y,F,Y,K,V,Q,K,I,E,P,H,D,D,E,S,Q,P,A,H,H,Y,L,S,S,L,G,L,Y,Y,F,Q,I,D,S,E,D,Q,N,L,Q,D,D,I,K,K,R,F,K,A,G,L,T,V,I,V,S,V,K,V,A,K,E,A,R,I,T,E,A,T,T,D,G
T,N,L,T,T,F,W,Y,A,R,R,L,Y,Q,G,S,F,V,I,I,N,N,R,A,T,I,V,T,R,L,E,V,Q,K,D,G,D,N,G,E,A,F,V,K,I,E,A,Q,D,S,F,D,G,K,T,F,Y,M,T,A,K,G,T,Y,R,T,K,I,P,I,V,F,Y,Y,E,F,L,V,F,K,I,E,P,H,D,D,E,S,Q,P,D,K,F,I,L,D,N,N,G,L,Q,L,T,T,M,H,S,D,D,K,D,L,N,D,R,I,K,L,L,W,A,L,G,Y,T,V,K,V,V,I,V,T,A,K,D,S,R,I,I,Y,S,T,T,T,T
L,D,L,T,S,F,D,E,S,R,R,L,F,R,G,S,F,V,L,I,N,G,N,T,A,R,V,V,R,L,E,I,S,T,T,G,T,N,G,D,A,Q,V,K,I,K,A,V,H,I,H,F,G,L,T,M,F,L,Q,S,S,S,T,Y,K,T,L,I,S,F,V,Y,V,Y,V,W,K,L,I,Y,I,Y,P,H,E,D,E,S,K,P,F,Y,L,V,L,T,S,E,G,K,T,I,I,Y,L,E,S,N,D,D,N,L,N,K,R,A,R,E,Y,F,A,R,G,L,T,V,L,L,V,T,V,I,A,W,W,I,H,V,E,Y,V,T,T,D,N
T,N,I,T,T,F,T,L,S,G,L,L,Y,R,G,G,Y,T,R,V,N,G,Q,A,T,R,I,R,E,F,L,S,S,K,T,G,T,N,G,D,S,W,S,W,I,R,S,E,D,I,F,N,G,L,T,Y,Y,Y,Q,S,K,S,S,F,F,S,L,I,P,F,I,Y,V,F,Q,F,K,E,L,F,T,D,P,A,D,D,E,N,L,P,F,R,H,F,H,D,D,Q,G,D,L,D,Q,T,H,Y,S,D,D,D,S,H,N,L,F,S,F,W,L,F,L,Y,G,Y,V,V,V,H,I,H,V,R,A,G,T,E,R,S,L,Y,T,T,T,T,T
R,N,I,T,Y,F,F,A,A,G,L,L,R,I,G,G,F,S,L,I,N,N,R,S,T,I,V,I,F,L,Y,I,F,K,T,G,T,T,G,S,S,R,V,F,V,I,A,R,D,S,F,E,G,R,I,F,Y,M,K,A,S,S,T,Y,F,T,W,I,S,F,V,Y,T,Y,S,Y,Y,V,Q,R,I,E,P,H,D,D,E,S,Q,L,F,R,L,H,L,D,D,N,G,D,T,L,E,Y,Q,H,S,K,D,D,D,L,N,W,K,I,R,F,L,Y,L,M,G,Y,L,V,I,V,H,I,H,T,S,G,T,S,R,V,L,Y,V,T,T,G,T
T,N,V,Y,Y,F,P,Y,A,G,L,L,E,I,G,R,W,S,A,I,N,G,K,A,T,R,I,Q,Y,L,W,I,S,K,D,G,T,N,G,N,A,W,V,F,I,I,A,R,D,S,H,E,G,T,W,L,Q,M,R,A,K,S,T,W,R,T,W,I,P,F,I,L,F,F,Y,R,K,L,L,A,I,F,P,H,D,D,E,S,Q,D,D,R,F,L,T,S,D,T,G,S,S,S,D,D,W,E,S,K,D,D,N,L,R,D,D,T,R,K,R,F,L,W,G,L,L,V,I,L,V,F,E,V,S,G,R,S,Y,A,T,R,S,T,T,S,G
T,D,I,H,F,F,L,Y,A,G,S,L,R,I,G,Q,W,V,L,I,G,G,R,A,T,V,I,V,F,F,L,I,S,N,N,G,T,L,G,L,Q,L,A,I,I,I,A,R,D,A,F,D,G,R,E,F,K,L,K,A,W,S,T,Y,L,T,W,I,P,W,I,Y,E,Y,T,F,K,L,L,A,M,F,P,H,D,D,E,S,K,H,W,M,L,K,T,D,D,N,G,L,T,Y,T,N,W,H,S,D,D,D,E,L,S,L,K,T,W,L,R,F,Q,W,G,L,T,V,E,L,Y,F,F,R,S,G,R,T,R,A,E,R,A,S,T,T,T
D,N,V,T,F,Y,L,Y,S,G,R,S,R,I,G,S,F,V,D,I,N,G,K,T,A,E,V,T,R,F,W,I,S,Q,G,G,Q,N,G,L,K,F,V,W,I,D,A,R,D,I,T,N,G,D,T,L,Y,Q,T,A,K,A,L,Y,L,S,W,H,S,W,I,Y,V,Y,V,W,K,V,I,A,I,I,P,H,D,D,E,N,Q,P,Y,K,L,V,L,D,D,N,G,D,K,T,D,Q,F,E,S,S,Q,E,S,L,N,R,K,I,E,K,W,W,K,L,G,L,T,V,V,V,Y,I,V,R,H,S,T,M,R,I,R,F,T,S,T,T,T
D,N,D,D,F,F,L,L,A,G,S,L,R,I,G,G,F,I,K,I,N,G,K,T,A,L,I,I,Y,L,E,I,E,T,T,G,T,T,G,D,A,R,V,R,V,I,A,Q,D,I,F,N,G,E,T,H,Y,Y,E,A,S,S,T,A,F,S,K,I,S,F,V,Y,K,Y,V,W,S,V,Q,R,I,E,P,H,D,D,Q,S,R,P,S,L,M,Y,L,D,D,N,G,Y,S,L,N,T,H,F,S,D,D,E,E,L,N,K,K,I,K,Y,R,F,K,A,G,L,D,V,R,V,V,I,V,V,A,Q,T,S,R,I,T,R,A,T,T,S,T
F,N,I,E,T,F,T,K,A,G,Q,L,T,R,G,D,Y,V,R,I,N,N,R,A,A,R,I,L,R,L,F,I,F,Q,T,G,T,N,G,E,A,L,V,F,I,V,A,R,D,M,Y,N,G,L,W,F,K,L,K,A,K,A,T,Y,F,T,L,I,P,F,V,Y,F,Y,V,F,T,V,L,R,I,I,P,A,E,I,E,Q,L,N,K,L,L,V,T,D,N,Q,G,R,L,F,Y,Y,Y,H,S,D,D,Q,N,L,E,D,L,I,D,K,L,F,K,A,G,L,L,V,Q,I,I,V,S,K,A,S,T,E,R,T,L,F,A,Y,T,T,T
N,N,Q,Q,T,F,D,K,A,G,Q,L,V,V,G,A,W,I,R,I,N,G,Q,A,T,I,I,V,W,F,Y,I,K,Q,N,G,N,Y,G,Y,M,E,V,I,V,I,A,L,D,A,F,D,G,R,T,F,T,L,Q,A,W,H,W,Y,R,T,L,V,P,F,V,Y,K,Y,K,W,T,V,L,D,I,I,P,H,D,D,E,N,R,P,A,Y,F,I,L,D,N,N,G,I,T,S,T,T,L,T,S,E,D,N,N,L,N,D,E,I,K,K,R,F,L,G,G,L,I,V,V,V,V,V,V,K,A,S,R,S,R,I,I,Y,V,T,T,L,G
F,N,I,Q,T,F,P,L,A,G,R,L,Y,I,G,D,Y,T,M,I,N,N,R,S,A,K,I,E,Y,L,Q,V,S,D,R,G,T,N,N,T,R,L,V,Y,I,I,A,R,D,T,F,D,G,R,T,F,T,Y,K,A,K,S,T,Y,K,T,L,I,G,W,T,L,V,F,Y,Y,K,V,Q,D,I,R,P,H,D,D,E,S,Q,P,A,K,L,V,L,D,D,N,G,I,Y,I,T,Q,L,E,S,E,D,D,D,R,S,K,E,I,K,E,R,F,A,R,G,L,T,V,V,V,T,V,F,W,D,Q,R,S,R,I,L,K,A,T,T,T,T
W,N,I,Y,F,Y,L,L,A,K,L,L,R,I,G,S,F,S,L,I,G,G,E,A,T,R,A,V,Y,M,W,M,S,Q,G,G,N,Y,G,I,A,W,V,F,I,I,A,V,D,M,Y,D,G,R,V,F,K,Y,K,A,K,G,E,Y,W,V,K,I,P,W,I,Y,E,Y,V,Y,K,L,Y,Q,I,V,P,A,E,D,E,S,K,H,E,K,F,V,L,N,N,N,G,D,W,I,K,L,L,H,S,D,W,L,W,L,A,L,L,I,K,L,W,F,L,W,G,L,E,V,K,V,F,V,Y,M,M,G,R,M,R,I,L,R,V,S,T,T,T
T,N,I,T,W,F,N,L,A,S,A,L,R,D,G,S,F,V,F,V,G,G,K,S,T,K,I,E,Y,L,Y,I,S,K,S,G,K,Y,G,I,A,W,V,Y,I,I,S,R,K,I,F,D,G,D,W,Y,T,A,K,A,L,S,T,Y,W,M,W,I,G,W,L,Y,I,Y,A,W,L,T,V,A,I,V,P,H,D,D,E,S,R,L,Y,K,M,I,L,D,D,Q,G,Q,Y,I,D,Q,L,T,T,K,D,D,D,Q,L,K,R,L,L,W,K,F,W,K,G,T,T,L,M,V,F,V,F,H,S,Q,E,M,R,I,L,R,S,T,T,T,T
T,N,L,E,Y,F,L,K,A,G,Q,L,R,V,G,G,Y,I,R,I,N,G,E,A,A,R,I,V,E,L,R,I,S,K,N,G,D,L,G,I,A,L,V,V,V,K,A,R,K,T,H,D,G,K,E,H,W,Y,K,A,W,A,L,F,F,V,W,I,P,F,V,Y,V,Y,V,Y,Y,V,I,A,I,I,P,H,D,D,E,S,Q,N,F,K,L,V,L,D,N,R,G,Y,V,Y,D,Y,Y,E,S,D,D,D,E,L,Q,W,K,I,R,W,M,F,L,A,G,L,L,V,F,V,I,M,V,I,T,T,E,A,R,V,L,Y,A,F,S,G,G
D,N,D,K,T,W,D,L,A,G,L,L,R,I,G,G,Y,S,A,I,N,G,L,A,T,R,I,T,Y,F,Y,L,T,K,T,G,T,S,G,T,A,V,A,I,I,I,A,T,D,T,H,Q,G,L,T,F,V,L,K,A,K,K,L,Y,K,I,L,I,P,W,I,W,E,Y,K,Y,K,V,Q,W,I,L,P,H,D,D,E,S,Q,P,S,Q,L,F,L,D,E,K,G,I,L,Y,T,E,Q,Y,S,D,D,E,D,L,R,R,L,I,E,W,W,F,K,W,G,L,T,V,I,V,V,R,R,R,S,S,T,A,R,I,T,E,A,T,T,D,G
F,N,I,T,A,F,F,L,A,K,L,L,R,R,G,S,F,V,L,I,N,G,K,A,A,K,I,T,R,L,F,I,L,K,T,G,T,T,G,D,A,F,V,F,I,E,A,R,D,I,T,N,G,E,T,V,R,H,A,A,K,G,S,H,W,E,L,I,P,W,V,L,S,F,T,Y,F,L,Y,A,I,I,P,A,D,D,E,N,L,P,F,K,F,V,T,D,S,N,G,I,Y,S,Y,T,E,T,S,S,D,K,D,H,S,V,L,T,K,L,I,F,L,W,G,L,N,T,R,L,F,F,F,T,A,N,T,T,T,A,E,R,S,T,T,D,N
T,N,L,Y,F,F,W,Y,A,K,S,L,R,I,G,G,Y,V,W,V,N,G,K,T,T,L,I,V,Y,F,W,Q,S,Q,N,G,T,D,G,N,S,F,V,F,I,E,S,L,D,I,F,E,G,K,T,F,R,Y,K,A,K,G,S,Y,W,T,R,I,G,F,V,Y,V,Y,E,W,E,V,L,D,L,V,W,H,D,D,K,S,Q,L,P,F,H,K,T,D,D,K,G,I,T,L,T,Q,L,E,T,K,D,D,E,L,E,L,K,I,W,L,F,F,W,F,G,W,K,V,R,I,Y,V,F,I,A,Q,T,S,R,I,G,R,A,T,T,T,G
D,N,Q,F,F,Y,L,L,A,G,A,L,Y,L,G,G,Y,V,L,I,G,G,K,A,A,R,I,E,E,L,W,I,S,K,G,G,T,T,G,T,A,W,V,W,I,R,A,R,D,I,H,D,G,D,V,Y,Y,L,M,A,K,K,T,F,W,V,K,I,P,W,I,Y,F,Y,K,Y,K,V,L,R,I,I,P,H,D,D,E,S,Q,R,Y,L,H,V,H,T,D,N,G,Y,T,M,T,S,Q,F,S,R,D,D,K,L,Q,K,E,I,W,K,K,F,E,W,G,L,T,V,I,T,L,Y,V,K,S,S,R,V,Q,D,T,Y,A,T,T,D,N
T,N,I,Y,A,F,S,R,A,E,R,L,Q,R,G,D,F,V,L,I,N,G,F,A,A,I,I,I,F,L,W,I,S,K,T,G,T,N,G,D,A,L,V,F,I,I,A,R,D,A,F,L,G,L,I,F,T,Y,K,A,S,G,S,Y,F,V,L,I,P,I,V,Y,V,Y,F,K,Y,V,Q,R,I,I,P,H,D,D,E,S,Q,P,F,Q,F,K,L,D,L,N,G,D,L,T,T,T,Y,W,S,W,D,D,D,L,M,D,D,I,L,K,K,Y,L,W,G,L,T,V,I,V,V,I,R,K,A,N,T,S,R,I,E,R,S,T,T,D,G
W,N,I,Y,F,F,W,R,A,K,E,L,Q,R,G,G,F,V,R,I,N,G,K,T,A,R,I,V,W,W,Y,I,S,Q,S,G,T,N,N,T,S,V,V,F,I,R,A,I,D,I,F,D,G,L,T,F,W,Y,T,A,K,G,E,Y,F,V,R,I,A,W,V,Y,V,Y,V,Y,S,V,L,R,I,I,P,H,D,D,E,S,R,P,A,Y,F,I,L,D,D,K,G,D,T,M,N,Q,L,E,S,D,D,N,N,L,R,D,E,I,K,E,K,F,R,K,G,E,R,V,R,V,V,V,T,K,A,N,T,I,K,V,T,R,V,T,S,D,N
T,N,V,W,F,F,L,K,A,G,Q,L,R,I,G,G,F,I,A,I,N,G,Q,A,A,R,I,H,W,L,L,I,S,Q,G,G,T,T,G,D,A,W,V,F,V,K,A,R,D,I,F,N,G,L,T,F,F,L,V,R,P,H,Q,H,F,V,W,I,P,W,V,Y,V,Y,R,Y,K,V,V,A,I,I,P,A,N,D,Q,S,L,P,Y,Y,L,I,L,D,S,K,G,I,Y,L,D,Q,L,T,S,E,D,K,E,L,N,E,R,I,L,L,L,F,L,L,G,L,I,V,V,V,E,V,R,T,A,K,T,S,R,V,R,R,V,T,T,T,T
L,N,I,Q,V,F,S,R,S,E,L,L,V,I,G,A,L,S,V,I,N,G,Q,T,T,K,I,V,R,F,Y,Q,T,K,T,G,T,N,G,D,S,W,V,F,I,I,A,R,H,V,H,D,G,L,V,F,K,Y,R,S,K,G,R,F,Y,S,L,I,S,I,M,W,R,Y,V,Y,I,V,L,A,I,I,P,H,E,D,E,N,M,P,F,R,F,V,L,S,N,D,G,E,F,R,Y,N,I,H,S,W,D,E,D,L,L,R,L,I,I,K,W,F,R,A,G,L,T,V,R,L,F,V,E,K,A,S,D,S,R,V,E,R,T,T,T,D,N
T,N,V,Y,F,F,L,L,A,G,A,L,R,Q,G,G,F,S,I,I,N,N,K,S,T,R,I,Q,Y,L,Y,I,K,K,T,G,T,N,G,L,A,I,V,F,I,I,A,Q,D,E,H,E,G,K,W,F,Y,F,K,A,Y,A,Y,Y,L,T,Y,V,A,W,V,Y,R,Y,W,Y,L,V,L,A,L,V,P,H,D,D,E,S,R,P,D,W,K,L,L,D,D,N,G,I,K,T,S,T,L,T,S,S,R,E,Q,L,E,K,E,I,R,L,K,F,W,W,G,L,T,V,K,V,E,V,R,K,A,A,D,E,R,I,E,R,A,T,T,T,T
T,N,I,T,T,F,N,K,A,G,A,L,R,R,G,A,F,T,I,I,N,G,K,A,T,R,I,E,Y,L,W,I,S,T,T,G,R,Y,G,R,A,Q,V,F,I,I,A,R,D,S,F,H,G,E,W,Y,K,M,K,A,H,S,S,Y,F,T,L,I,P,F,V,Y,K,Y,V,F,K,V,L,K,L,I,P,A,E,D,E,S,K,P,W,Y,F,L,L,T,E,L,G,I,T,Y,T,Q,L,T,S,E,D,Y,D,L,L,M,E,I,I,R,R,F,R,A,G,L,T,V,R,L,V,V,V,K,A,S,E,S,R,V,I,F,A,T,S,D,N
T,N,I,T,S,Y,K,L,A,R,L,L,R,I,G,G,Y,V,R,I,N,G,K,T,A,I,I,T,W,L,Y,Q,T,Q,N,G,D,N,G,L,E,L,V,K,I,R,A,V,K,M,F,D,G,K,V,F,K,M,Q,A,H,G,D,Y,W,T,L,I,G,F,V,E,F,E,Q,R,R,L,E,D,I,D,P,H,D,D,E,N,Q,R,F,W,F,L,T,D,L,Q,G,Y,L,S,N,S,D,E,S,E,D,N,N,F,N,W,L,V,E,Y,W,F,R,E,G,Y,D,V,W,L,I,F,A,R,A,S,T,R,R,A,L,Y,A,T,T,N,T
T,N,I,T,T,F,D,F,A,K,L,L,R,I,G,R,F,I,V,I,N,G,Y,T,T,K,I,V,F,Y,Y,E,S,K,N,G,N,N,G,T,A,K,V,I,V,I,A,V,D,S,H,N,G,L,V,F,Y,L,K,A,D,G,T,Y,K,V,L,I,S,F,I,Y,R,Y,V,Y,K,V,W,R,I,D,P,H,S,D,E,S,L,P,F,R,L,F,L,S,D,Q,G,T,Y,R,T,E,H,H,T,E,D,K,N,H,N,L,D,I,L,F,K,F,L,D,G,K,T,V,K,V,F,I,F,K,S,S,K,E,K,T,I,L,V,S,T,D,N
T,N,L,F,F,F,T,K,A,G,L,L,T,R,G,G,W,V,L,I,N,G,K,A,T,I,V,V,R,L,E,V,Q,Q,N,G,T,T,G,T,A,W,V,W,I,K,A,R,D,S,H,E,G,K,I,F,F,L,Q,A,K,A,T,Y,F,V,W,I,P,F,V,Y,S,Y,Y,F,R,V,F,A,I,Y,P,H,D,D,E,S,R,W,F,Y,L,W,V,D,D,Q,G,D,Y,K,W,Q,H,T,T,K,D,D,D,L,F,K,L,T,E,K,W,F,K,A,G,L,E,V,W,E,D,H,T,K,S,Q,D,E,S,T,T,R,V,W,T,S,T
T,N,I,Y,S,F,N,K,A,A,L,L,Y,I,G,A,F,I,L,I,N,G,K,A,T,K,I,T,Y,L,W,R,S,K,V,G,D,T,G,D,S,R,V,F,V,V,A,R,D,M,F,R,G,E,E,H,K,A,T,A,S,K,T,Y,F,V,L,I,P,I,V,Y,E,Y,T,R,K,V,Q,A,I,I,P,H,D,D,E,S,R,R,S,H,L,I,L,D,S,N,G,D,L,Y,R,Y,Y,H,S,E,D,D,D,L,N,K,L,I,K,W,W,F,W,K,G,L,D,V,R,V,F,L,F,T,A,K,E,T,R,I,L,K,A,T,T,S,T
T,N,Q,T,T,F,L,L,A,G,L,L,T,E,G,S,F,V,R,I,N,G,Q,A,A,R,I,V,W,L,Y,I,S,T,S,G,T,V,G,I,K,I,V,Y,I,R,A,I,D,M,F,K,G,K,V,L,F,M,T,A,W,S,L,W,W,T,F,I,P,F,V,W,V,F,V,W,K,V,I,A,I,F,P,H,D,D,E,N,Q,P,D,K,F,W,L,D,D,K,G,Y,T,L,T,L,H,Y,S,E,D,D,N,L,N,K,K,I,L,E,K,Y,L,A,G,L,T,V,K,V,Y,I,F,L,A,S,T,A,R,I,L,K,A,S,T,D,T
T,N,Q,N,S,F,N,R,A,G,E,L,R,R,G,G,W,I,R,I,N,G,Q,A,A,I,I,T,F,W,Y,K,S,Q,N,G,T,N,G,I,A,W,V,F,V,R,A,T,D,S,T,D,G,R,E,F,F,Y,T,A,K,E,Q,M,F,V,L,I,P,F,I,L,L,F,K,Y,Y,V,Y,A,I,I,P,A,D,D,E,S,L,P,S,K,L,V,L,T,Q,L,G,I,R,I,T,Q,L,H,S,S,D,D,N,L,N,F,D,I,K,L,K,F,K,A,G,L,L,V,I,V,L,V,Q,V,H,S,T,Q,T,I,T,R,S,T,T,S,G
T,N,I,F,F,F,F,F,A,G,A,L,R,I,G,S,Y,S,A,I,N,G,L,A,T,R,V,T,E,F,W,S,S,D,N,G,D,N,G,L,Q,F,A,K,I,K,S,R,D,T,T,Y,G,W,T,F,E,L,Q,A,H,S,L,Y,F,T,L,I,P,W,I,Y,E,F,T,W,I,L,Y,A,I,V,P,H,D,D,E,S,Q,P,S,K,L,L,L,D,E,Q,G,Q,V,L,N,Q,L,T,S,S,W,D,Q,L,N,Q,K,T,E,E,K,F,R,K,G,E,E,V,K,L,Y,A,F,E,T,G,T,R,R,V,M,R,V,S,T,S,G
K,N,I,Q,F,F,W,R,A,E,E,L,R,R,G,S,F,V,W,I,G,G,R,T,A,I,A,V,Y,M,W,F,S,T,T,G,E,N,G,H,R,K,V,F,I,I,A,R,D,M,F,D,G,K,L,F,T,Y,E,A,K,G,S,F,F,V,R,I,G,F,V,L,V,F,F,F,Y,V,F,K,I,E,P,H,E,D,E,S,Q,W,S,K,F,Y,I,D,L,N,G,Q,Y,Y,T,T,L,H,T,E,D,L,E,L,W,I,R,I,L,L,F,F,L,W,G,L,D,V,I,I,E,V,R,K,S,K,T,S,R,I,T,R,V,T,T,N,N
D,N,R,F,F,Y,D,L,A,E,L,L,R,I,G,A,Y,S,L,I,G,G,F,T,T,R,I,V,W,L,W,V,S,K,M,G,T,N,G,D,R,V,V,F,I,I,S,R,D,I,F,D,G,R,I,F,K,A,T,F,S,S,T,Y,W,V,W,I,G,W,V,Y,R,E,V,R,K,V,L,A,I,D,P,H,E,D,E,S,Q,P,Y,H,L,V,T,D,D,R,G,D,L,D,T,T,H,R,S,E,D,D,D,L,S,K,K,I,L,Y,R,F,L,A,G,L,T,V,R,V,F,K,V,K,S,S,T,E,R,I,L,D,I,D,T,S,T
T,D,L,F,F,F,T,K,A,G,Q,L,R,I,G,G,Y,I,L,I,N,G,K,A,A,K,I,V,E,L,R,I,S,K,T,G,T,D,G,T,A,I,V,F,I,K,A,I,D,T,F,D,G,E,T,H,Y,Y,R,A,K,K,T,Y,F,T,L,I,P,W,I,Y,V,Y,T,Y,K,V,I,A,I,I,P,A,D,D,E,S,L,W,K,L,Y,V,I,D,D,N,G,R,R,R,T,E,L,Y,S,D,D,K,S,R,A,E,E,A,E,K,R,F,K,W,G,L,T,L,R,V,F,V,V,V,A,E,R,S,R,I,H,Y,I,D,T,D,T
F,N,I,Q,F,F,W,Y,A,G,A,L,R,V,G,Q,F,V,L,I,N,G,R,T,A,R,V,V,D,F,E,R,S,Q,N,G,D,N,G,I,D,F,A,H,I,K,A,R,D,I,F,D,G,E,L,R,E,M,T,A,A,A,L,Y,L,T,K,I,S,W,V,W,F,Y,W,Y,Y,V,Q,A,I,V,P,H,D,D,E,S,Q,L,F,W,H,V,L,D,L,N,G,N,L,T,D,T,Y,T,S,S,D,E,E,L,Q,K,E,I,L,K,R,F,L,W,G,L,N,V,I,V,D,I,T,W,A,Q,R,A,R,I,T,R,V,T,T,D,N
T,N,V,Q,Y,F,L,F,A,G,A,L,R,Q,G,S,F,S,R,I,N,G,Q,T,T,R,V,V,Y,L,W,I,S,K,T,G,D,N,G,F,S,W,V,F,I,I,A,R,D,I,F,K,G,L,I,F,K,A,M,K,K,E,I,F,F,D,E,I,S,F,V,Y,I,Y,T,Y,T,V,F,R,I,Y,P,H,D,D,E,N,R,E,F,F,F,L,L,D,N,N,G,D,Y,H,D,Y,L,E,A,E,K,D,E,L,R,D,K,M,E,E,K,F,R,Q,G,K,T,L,L,V,H,V,F,V,A,Q,E,A,R,I,L,D,A,T,T,D,G
T,N,I,Y,Y,F,T,R,A,E,H,L,R,I,G,D,F,V,L,I,N,G,L,T,A,I,I,R,Y,F,Y,K,S,K,N,G,T,L,G,L,S,W,V,F,I,I,A,R,D,M,F,L,G,I,W,F,K,A,Q,F,L,E,K,Y,F,T,Y,I,A,W,V,Y,T,E,Y,W,Y,V,Y,A,I,V,P,H,D,D,A,S,K,L,Y,S,F,T,I,D,Q,N,G,V,L,K,T,E,M,H,S,S,D,D,D,H,L,K,D,A,F,K,K,F,L,K,G,T,M,L,I,L,I,F,F,K,A,S,T,K,R,A,L,L,S,T,T,S,T
W,N,V,Y,T,F,D,L,A,G,S,L,R,Q,G,D,F,V,I,I,N,N,R,A,A,I,V,T,W,L,Y,I,R,Q,N,G,T,N,N,D,A,L,V,Y,I,K,A,R,D,S,F,N,G,R,T,F,F,A,V,A,S,K,T,Y,K,T,L,I,P,F,V,Q,V,Y,T,Y,E,V,K,W,I,E,P,H,D,D,R,S,K,P,F,L,F,Y,L,T,S,L,G,L,Y,Y,W,Y,L,E,S,D,D,D,N,L,H,D,L,I,E,L,L,W,R,L,G,L,T,V,R,V,F,T,V,T,A,G,D,S,R,I,L,Y,A,S,T,S,T
Y,N,L,T,F,F,L,K,S,R,L,L,R,V,G,G,F,S,E,I,N,N,Q,T,T,I,I,V,Q,L,Y,I,T,Q,N,G,N,Y,G,L,S,W,V,L,I,F,A,I,D,M,Y,N,G,L,L,F,T,M,M,S,L,G,D,W,F,S,K,I,G,F,V,Y,I,Y,V,Y,T,V,Q,K,I,E,P,H,D,D,E,N,R,P,F,R,M,Y,L,D,E,N,G,Q,Y,I,F,Q,L,H,S,D,D,K,S,L,N,E,D,I,L,R,R,F,L,A,G,L,L,V,R,V,V,V,F,Y,S,S,T,M,R,I,I,L,T,H,T,S,G
D,N,N,Q,T,F,D,L,S,G,L,L,R,I,G,G,W,S,V,I,N,N,R,S,T,I,I,I,R,L,R,I,S,K,N,G,T,T,G,T,S,W,V,W,I,L,A,K,D,S,F,R,G,L,L,F,K,Y,K,S,K,S,T,F,K,T,L,I,A,W,V,Y,E,Y,E,Y,K,V,Q,Y,I,Y,P,H,D,D,E,S,Q,P,A,W,L,V,L,S,S,S,G,Y,L,T,T,D,L,E,S,E,S,Q,N,T,Q,D,D,S,K,N,I,F,K,A,G,L,V,L,R,V,K,V,F,R,S,K,T,A,R,I,L,K,S,T,T,T,T
T,N,L,T,S,F,D,Y,A,K,L,L,Y,Q,G,D,W,V,L,I,N,N,R,A,T,I,I,T,E,L,R,I,S,K,N,G,T,T,G,D,A,K,V,W,I,K,A,R,D,A,F,E,G,R,E,F,K,Y,K,A,S,G,D,Y,R,V,L,I,P,F,V,Y,V,Y,V,Y,I,V,Y,Y,I,K,P,H,D,D,E,N,E,W,K,K,L,V,L,D,W,K,G,L,L,Y,T,L,L,K,S,K,K,E,E,L,R,R,E,I,E,E,K,F,K,K,G,L,N,V,R,V,F,V,V,T,A,S,T,S,R,I,L,R,A,T,T,T,T
T,N,L,F,F,F,T,Y,A,S,W,L,Y,I,G,S,Y,I,L,I,N,G,Q,S,T,R,V,I,W,L,Y,I,T,D,G,G,R,F,G,D,S,F,V,F,I,I,A,R,D,T,H,N,G,L,E,Y,K,Y,V,A,K,G,T,Y,F,V,W,I,P,W,V,L,V,F,A,W,Y,L,I,A,I,V,P,H,D,D,E,S,K,P,W,K,L,V,T,D,L,Q,G,V,L,R,T,T,H,H,S,D,D,K,D,H,A,L,D,V,R,Y,K,F,R,Q,G,L,L,V,V,L,Y,F,Y,K,S,S,T,D,R,A,L,R,D,S,T,T,T
T,N,V,T,F,Y,L,L,S,S,L,L,R,I,G,G,Y,V,L,I,N,G,R,T,T,R,I,R,Y,L,W,I,T,Q,T,G,T,N,G,D,A,F,V,Y,I,I,A,E,D,I,H,D,G,E,W,H,T,Y,W,S,S,G,S,Y,K,S,A,I,S,W,V,R,Y,F,Q,Y,I,L,F,F,I,R,P,H,D,D,E,S,R,P,K,L,F,V,T,D,L,N,G,V,W,T,K,T,Y,F,S,K,D,E,S,L,R,K,D,I,E,D,K,F,K,D,G,K,I,V,V,L,V,F,V,E,S,K,D,T,R,T,E,F,V,T,T,L,T
W,N,I,T,F,Y,L,K,A,G,L,L,Q,I,G,W,F,V,E,I,N,G,Q,T,T,K,V,V,R,F,W,M,S,Q,G,G,T,T,G,S,S,I,V,F,I,K,A,V,D,I,F,Q,G,L,E,F,F,M,A,R,Q,E,N,H,F,T,K,I,S,W,V,Y,V,Y,T,F,T,V,L,A,I,F,P,H,E,D,E,S,Q,P,F,Y,L,L,L,D,N,L,G,Y,K,L,D,K,L,E,S,S,D,E,E,L,L,R,R,I,R,Y,L,F,E,W,G,Y,E,V,K,L,Y,V,T,I,A,K,H,A,E,V,T,R,L,S,T,S,T
T,D,L,F,F,F,W,L,A,K,L,L,Y,Q,G,G,F,V,L,I,N,G,K,T,A,M,I,V,F,Q,F,V,Y,K,T,G,T,T,G,D,A,W,V,F,L,I,A,R,D,W,S,N,G,L,V,F,K,Y,M,A,K,A,D,Y,W,T,K,I,A,W,I,Y,E,Y,V,W,I,V,Y,A,I,I,P,H,D,L,E,W,E,E,T,F,L,V,L,R,S,D,G,I,Y,L,T,E,H,K,S,D,D,L,K,L,A,L,K,I,L,Y,W,F,L,A,G,Y,T,V,F,V,Y,I,F,A,H,G,D,K,R,I,H,K,A,S,T,G,G
F,N,I,N,F,F,W,K,A,G,L,L,R,V,G,S,H,S,L,I,N,G,K,A,T,R,V,Q,Y,L,Y,I,S,T,N,G,D,N,G,D,L,L,V,F,I,I,S,R,D,M,S,E,G,K,W,L,K,M,K,A,S,A,E,Q,K,T,R,I,P,F,T,Y,L,F,I,K,T,V,L,M,I,K,P,H,D,D,E,S,Q,L,K,K,L,F,T,D,N,N,G,L,K,D,T,S,M,H,S,L,D,D,D,H,N,K,E,A,E,L,R,W,K,W,G,Y,R,L,E,L,L,F,F,R,T,G,R,E,W,A,W,F,A,T,T,G,T
T,N,I,Y,F,F,F,Y,A,G,R,L,R,Q,G,G,Y,I,I,I,N,G,K,T,A,K,I,I,Y,F,Q,M,S,Q,G,G,T,Y,G,Y,S,W,T,Y,T,I,A,R,D,M,F,H,G,E,I,H,Y,H,Y,A,L,A,I,Y,R,T,W,V,A,W,V,Y,V,Y,T,Y,S,V,Q,D,M,I,P,H,D,D,E,S,Q,P,W,R,L,I,L,D,N,R,G,Y,L,W,Q,Q,L,H,S,E,D,Q,N,L,L,L,L,I,R,L,W,F,E,R,G,L,T,V,F,V,F,V,F,R,S,Q,H,M,K,I,I,L,T,D,T,G,G
K,N,I,T,S,F,N,R,A,G,R,L,Y,V,G,D,Y,V,E,I,N,G,K,T,T,R,V,W,W,F,W,I,S,V,T,G,T,N,G,L,A,L,A,K,I,W,S,W,D,T,H,N,G,E,L,H,F,M,A,A,W,A,W,Y,F,V,L,I,S,F,V,Y,R,Y,E,Y,F,V,F,A,I,Y,P,H,D,D,E,S,Q,P,T,L,L,L,L,V,K,L,G,L,Y,Y,Y,Y,L,H,S,D,D,Q,E,L,E,D,K,I,K,D,Y,F,K,W,G,L,L,V,K,V,F,V,F,R,S,S,T,S,R,V,L,R,V,D,T,S,T
W,D,I,Y,F,F,T,K,A,G,L,L,Y,V,G,G,W,A,L,I,N,G,K,A,T,I,I,V,W,L,L,I,L,Q,Q,G,D,N,G,E,E,I,V,I,I,I,S,R,D,A,F,D,G,L,E,F,K,W,T,A,H,R,E,F,F,A,W,I,P,W,V,Y,V,Y,F,R,I,V,F,R,I,I,P,H,D,D,E,S,Q,P,F,W,L,L,L,D,L,N,G,S,R,E,W,R,E,K,S,K,D,Y,L,L,L,L,E,I,I,L,R,Y,A,W,G,L,T,V,V,V,V,R,V,K,A,S,T,R,R,I,T,R,V,T,T,L,G
T,N,L,T,T,F,P,L,A,G,A,L,Y,Q,G,A,F,I,A,I,N,G,K,T,A,R,I,Q,R,F,W,S,S,K,T,G,T,L,G,I,S,Y,T,V,I,E,A,R,D,I,F,Q,G,E,V,L,F,F,Q,A,A,S,N,Y,W,V,L,I,S,F,V,L,S,Y,Y,F,F,V,L,Q,I,I,P,H,E,D,W,S,R,P,F,R,F,V,L,D,L,N,G,Y,L,I,T,Q,L,H,S,S,D,L,D,L,L,L,L,L,L,W,L,F,L,W,G,Y,N,V,I,V,D,V,F,I,A,W,L,T,E,I,L,R,V,T,T,D,T
T,N,I,T,S,F,S,A,S,K,K,L,Y,I,G,G,Y,V,L,I,N,G,K,T,T,K,I,H,W,L,W,I,S,D,T,G,D,N,G,L,A,W,V,Y,I,L,A,R,D,I,F,N,G,E,W,L,K,R,M,S,L,H,L,H,F,D,L,I,A,F,V,Y,Y,Y,Y,Y,L,V,L,W,I,Y,P,H,E,D,E,S,E,P,A,F,Y,F,L,D,L,N,G,N,S,Y,W,Y,I,E,S,D,D,D,D,L,A,K,L,I,K,F,W,F,W,A,G,W,T,V,V,L,I,V,I,R,A,S,T,S,R,V,R,R,A,T,L,L,G
W,Y,F,Y,F,Y,F,L,A,Q,S,L,Y,R,G,S,L,V,L,I,N,G,L,S,A,R,V,I,R,F,W,I,S,Q,N,G,T,T,G,L,T,F,V,R,I,V,A,R,D,T,H,L,G,R,I,F,Y,L,E,A,S,G,T,Y,W,V,L,I,S,W,M,Y,T,Y,V,Y,K,V,L,A,I,Y,P,H,S,D,Q,S,R,S,S,F,K,L,L,D,D,Q,G,R,K,F,W,Y,F,T,S,S,D,K,D,L,E,E,L,I,K,K,L,F,K,W,G,Y,T,V,R,V,V,I,L,V,T,I,D,A,E,I,R,R,A,T,T,T,T
F,N,L,T,T,F,N,L,A,A,W,L,T,E,G,S,F,S,I,I,N,G,R,A,T,K,V,I,R,V,Y,V,F,R,T,G,T,T,G,D,E,R,I,F,V,R,A,R,D,T,F,D,G,D,D,L,K,W,R,G,E,K,K,R,W,T,L,I,P,W,I,Y,K,Y,F,Y,K,V,Q,A,I,V,P,H,D,I,E,Q,L,P,Y,F,L,D,L,D,D,N,G,Y,F,T,R,Q,L,E,S,D,D,D,E,L,N,K,K,I,I,K,W,F,L,A,G,K,T,V,I,V,D,V,V,V,A,T,I,S,R,V,I,R,A,T,T,D,N
T,N,Q,Y,F,F,T,L,A,R,R,L,Q,R,G,A,F,V,L,I,G,G,K,T,T,L,I,T,F,L,W,I,S,D,T,G,T,T,G,D,S,K,V,F,I,I,A,F,K,I,H,D,G,K,Q,F,Q,Y,Q,A,S,G,S,F,W,T,F,I,S,F,L,Y,T,Y,A,Y,K,V,L,K,I,E,P,H,D,D,E,N,Q,W,S,K,F,Y,L,D,E,Q,G,D,T,V,T,Q,L,T,T,K,D,L,E,L,H,I,E,I,E,L,K,Y,K,W,G,L,T,V,V,V,Y,T,F,R,S,G,D,A,R,I,L,R,A,T,T,T,T
F,N,I,Q,F,F,W,K,A,G,S,L,R,Q,G,R,F,I,L,I,N,G,L,T,A,R,I,E,Y,F,Y,I,L,K,N,G,T,N,N,R,A,R,V,F,I,I,A,R,D,T,K,K,G,L,V,F,K,Y,E,A,D,A,Q,D,F,V,K,I,S,W,V,Y,V,Y,K,Y,L,V,F,A,I,Y,P,H,D,D,R,S,Q,L,A,L,F,L,L,D,S,R,G,I,Y,L,T,K,L,G,S,D,D,D,N,L,R,D,N,I,E,K,L,F,R,L,G,L,L,V,M,V,I,V,I,K,A,N,D,E,W,I,R,H,V,F,T,L,G
T,N,L,W,Y,F,L,R,A,G,D,L,I,V,G,G,W,V,A,V,N,G,Q,A,T,I,V,V,F,L,W,I,S,K,N,G,K,Y,G,Q,T,F,V,F,I,I,S,E,D,S,F,H,G,R,T,H,T,H,Q,A,S,S,D,H,L,L,A,I,P,W,V,L,Y,F,Y,Y,K,V,L,A,I,I,P,H,D,D,E,S,Q,R,S,F,M,I,L,D,D,N,G,D,K,T,T,T,L,E,S,E,D,Q,N,L,E,D,E,I,K,L,R,Y,W,W,G,L,T,V,I,V,I,V,V,K,A,Q,E,A,R,I,K,F,V,T,T,S,G
T,W,F,F,W,Y,P,R,A,E,R,L,Y,V,G,G,Y,A,L,V,N,G,K,A,T,K,I,V,Y,L,Y,I,L,K,T,G,T,N,G,D,S,Y,V,R,I,I,S,V,D,I,F,D,G,E,Q,H,T,Y,E,A,H,G,S,Y,W,V,W,I,P,W,I,Y,V,Y,E,Y,L,V,Y,R,I,I,P,H,D,D,E,S,Q,R,S,K,L,K,L,T,E,N,G,I,Y,V,T,S,L,H,S,E,D,K,K,L,E,D,E,I,K,N,R,F,K,A,G,L,L,V,K,V,I,T,V,A,A,T,K,K,K,V,L,Y,A,T,T,T,T
T,N,I,T,T,F,S,H,S,G,S,D,R,Q,G,G,F,I,V,I,N,N,R,T,A,I,I,I,W,L,W,I,S,D,N,G,D,F,G,H,A,K,V,K,V,R,A,R,D,M,F,D,G,R,T,F,E,T,T,S,D,A,T,D,E,N,L,I,S,F,V,Y,V,Y,T,Y,K,V,L,A,I,V,P,H,D,D,E,S,Q,P,K,K,L,L,L,T,E,Q,G,I,T,I,N,L,L,K,S,S,K,D,E,L,N,K,E,I,E,E,R,F,R,K,G,L,T,V,R,V,F,V,F,V,T,G,T,S,R,V,L,R,A,T,T,D,T
T,N,L,T,A,Y,P,K,A,G,Q,L,R,I,G,A,W,I,L,I,N,N,R,S,A,R,I,I,F,M,L,I,S,K,N,G,T,D,G,K,A,L,V,F,I,I,A,L,D,S,H,D,G,R,T,R,T,Y,S,A,W,H,D,Y,W,V,L,I,P,F,T,L,E,Y,T,Y,K,V,F,Y,I,Y,P,H,D,D,E,S,Y,D,F,Y,F,L,T,D,D,N,G,Y,R,S,D,S,K,E,S,N,D,D,D,H,H,K,R,T,W,E,E,W,L,R,G,T,D,V,R,L,H,E,R,T,S,Q,D,S,K,F,T,R,T,T,T,S,T
T,N,L,T,F,F,T,Y,A,G,R,L,R,V,G,S,W,S,L,I,N,N,Q,A,T,R,V,E,W,L,W,I,S,D,T,G,T,N,G,E,R,F,V,A,I,R,A,R,D,S,F,Q,G,R,D,F,K,Y,Q,A,K,H,K,F,L,T,Y,I,P,F,V,Y,Y,Y,Q,F,I,V,F,A,I,I,P,H,D,D,E,S,R,D,Y,K,F,V,L,D,L,N,G,V,Y,Y,T,T,L,K,S,S,D,D,N,L,R,W,E,I,L,L,R,F,W,W,G,L,I,V,V,V,V,V,E,K,A,K,T,S,R,I,T,R,A,T,T,T,T
D,N,Q,Y,F,F,W,L,A,G,L,L,R,I,G,S,L,T,L,I,N,G,L,L,T,T,I,V,Y,F,W,K,S,D,T,G,T,T,G,D,S,L,V,F,I,I,S,R,D,S,H,R,G,L,V,F,Y,L,M,A,S,K,T,Y,W,T,K,T,G,W,L,L,R,F,I,Y,I,V,Y,W,M,Y,P,H,E,D,L,S,K,L,W,K,L,V,T,S,S,D,G,L,Y,M,T,Q,Q,H,S,Q,D,Q,N,L,L,A,D,I,L,Y,K,F,L,L,G,L,T,V,V,L,Y,F,F,T,S,G,D,T,T,T,E,Y,S,S,T,T,T
T,N,I,T,T,Y,S,Y,A,L,L,L,Y,R,G,D,L,T,Q,I,N,G,L,T,A,R,I,E,Y,L,F,I,S,Q,T,G,T,N,G,D,A,L,V,E,V,K,A,R,D,I,F,Y,G,W,L,F,E,M,R,A,S,H,Q,F,E,T,L,I,G,W,M,Y,V,Y,R,R,R,L,Y,A,I,V,P,A,N,D,E,S,R,P,S,Q,F,I,T,D,N,N,G,V,F,Y,N,Q,M,H,T,D,D,D,D,L,R,D,K,I,E,L,L,F,R,L,G,Y,L,V,F,I,F,I,V,I,A,G,I,A,R,V,L,Y,V,S,T,G,T
T,N,I,E,T,F,P,K,A,G,E,L,R,I,G,S,Y,V,V,I,N,G,L,T,A,R,V,T,E,F,Y,L,A,K,N,G,T,N,G,I,E,L,A,I,I,K,A,R,D,S,H,L,G,L,E,F,F,Y,K,A,A,K,E,F,F,T,L,T,S,I,V,F,F,Y,E,W,F,V,L,D,I,V,P,H,D,D,E,S,Q,P,A,F,F,V,L,D,E,N,G,R,K,L,T,Q,L,T,S,L,D,D,D,L,R,D,E,I,R,E,R,W,R,A,G,L,N,V,K,V,I,V,E,V,S,S,H,A,S,I,V,R,A,T,T,D,N
F,N,L,D,Y,F,L,Y,A,K,L,L,R,Q,G,A,L,I,K,I,D,N,D,T,A,K,I,V,R,L,Y,I,S,Q,G,G,T,N,G,D,S,K,V,F,V,I,A,V,D,I,F,K,G,E,L,K,T,Y,T,A,S,G,T,Y,K,T,E,I,S,W,L,Y,R,Y,E,Y,R,V,F,F,I,L,P,H,D,D,E,S,Q,L,F,W,F,V,L,D,N,N,G,Y,W,R,T,E,L,E,S,L,D,K,D,L,L,L,R,I,L,L,F,F,R,L,G,W,E,V,F,V,F,V,F,T,A,A,I,S,M,V,L,R,V,T,T,S,G
D,N,V,K,Y,F,T,Y,A,A,L,L,L,I,G,G,Y,V,L,I,N,G,Q,A,T,E,I,K,Y,L,W,I,S,K,Y,G,T,N,G,I,A,R,V,F,V,I,A,E,D,D,S,N,G,L,W,F,Q,M,R,A,E,G,L,Q,L,V,F,I,P,W,V,Y,R,Y,D,Y,S,V,Q,R,I,I,F,H,E,I,E,Q,E,P,F,H,L,I,L,D,N,N,G,I,L,T,T,D,I,E,S,L,K,E,E,L,L,K,K,T,W,L,W,F,M,F,G,F,D,V,R,V,F,V,V,K,A,D,D,E,W,V,R,Y,I,D,L,S,G
W,N,I,Y,F,F,W,K,A,G,L,L,R,I,G,W,F,V,R,I,N,G,Q,S,T,K,I,V,R,F,R,Q,S,K,N,G,V,Y,G,W,S,W,V,V,I,Y,A,V,D,S,F,N,G,D,L,K,T,M,K,A,R,H,Q,Y,F,V,R,I,P,F,V,Y,V,Y,I,W,E,V,Q,K,I,I,P,H,E,D,E,N,Q,W,S,F,H,I,L,D,Q,Q,G,Q,Y,L,T,L,M,T,S,D,D,L,D,L,Q,I,R,I,K,L,L,F,K,W,G,L,T,V,R,V,I,I,V,K,S,S,T,S,R,I,T,R,V,H,T,D,N
T,N,K,K,Y,F,W,K,A,E,Q,L,R,Q,G,Q,Y,V,A,I,G,G,F,S,T,R,I,E,Y,L,F,E,T,D,N,G,N,Y,G,L,R,I,V,F,I,I,A,V,D,T,H,M,G,L,V,F,K,W,W,A,W,H,Y,Y,F,V,L,I,A,F,V,L,V,Y,R,Y,Y,V,F,K,I,I,P,H,D,D,E,S,R,P,T,Y,F,I,L,S,S,S,G,D,Y,R,Y,W,L,T,S,D,D,L,S,L,E,L,M,I,E,W,W,W,K,A,G,L,L,V,E,V,V,V,V,T,S,G,E,S,R,I,I,F,A,T,T,S,G
T,N,L,T,T,F,T,H,A,K,E,L,R,I,G,S,Y,V,V,I,N,G,K,T,A,R,V,I,Y,L,Y,M,S,Q,N,G,T,N,G,L,S,W,V,F,I,I,A,R,D,I,F,N,G,D,V,H,Q,M,V,S,L,G,E,N,L,V,L,I,S,F,V,L,L,F,I,Y,K,V,I,L,I,I,P,H,D,D,E,S,K,P,H,W,F,I,L,D,E,K,G,I,T,I,V,Y,L,E,T,D,D,E,E,L,R,E,R,I,K,T,W,F,L,K,G,L,T,V,I,V,F,V,V,K,A,A,I,A,K,I,T,R,A,T,T,S,G
F,D,Y,R,W,F,T,L,A,G,Q,L,R,I,G,Q,L,I,L,I,N,N,K,A,A,K,I,I,Y,L,R,V,S,K,T,G,D,N,G,D,R,W,V,D,V,T,A,R,D,T,F,N,G,L,I,L,Y,H,Q,A,K,W,S,Y,F,T,W,I,P,W,M,Y,S,F,F,R,Y,V,Q,A,I,F,P,H,E,D,E,N,R,P,R,Q,Y,K,T,D,L,Q,G,D,L,L,T,Q,L,F,S,D,D,W,D,E,A,K,R,T,E,L,R,F,K,A,G,T,N,V,I,L,K,F,V,M,A,S,T,T,R,S,T,R,A,T,T,D,G
T,N,V,T,S,F,S,E,A,R,R,L,L,R,G,G,F,V,I,I,N,G,K,A,A,K,I,V,Y,L,W,I,A,R,D,G,D,Y,G,L,M,W,V,F,I,I,A,V,D,T,F,D,G,K,V,F,Y,L,Q,A,L,G,E,Y,F,L,L,I,A,I,T,F,Y,Y,V,W,R,V,E,D,L,V,P,H,D,D,E,S,R,R,W,K,F,V,L,D,S,Q,G,K,R,I,N,Q,L,E,S,S,D,K,E,L,N,L,K,I,F,F,R,F,W,K,G,L,T,V,F,V,V,V,M,T,A,S,I,T,R,I,I,Y,A,H,T,S,T
F,N,I,Q,F,F,W,R,A,E,H,L,R,I,G,W,F,I,L,I,G,G,L,T,A,I,I,V,Y,L,Y,I,S,Q,Y,G,T,Y,G,I,A,Y,V,Q,V,V,A,V,D,S,F,W,G,W,V,F,T,R,Q,A,S,K,T,E,F,V,K,I,S,W,V,Y,Y,Y,V,Y,K,V,V,A,I,V,P,A,D,D,E,S,R,W,D,K,K,I,L,T,S,L,G,I,Y,I,K,Y,V,Y,T,L,D,Q,S,L,E,Q,E,I,K,K,R,F,W,N,G,L,T,V,R,V,V,I,T,T,A,S,R,S,Y,I,I,Y,A,T,T,S,T
W,N,I,D,F,Y,F,F,A,K,L,L,Q,R,G,S,Y,S,E,I,N,N,R,T,T,R,I,T,E,Q,Y,K,T,Q,N,G,D,N,G,I,S,L,V,T,I,K,S,L,D,I,H,D,G,R,E,F,F,M,T,A,A,G,E,D,R,V,K,I,S,F,V,L,V,Y,R,F,S,V,Q,D,I,I,P,H,E,D,E,S,R,N,F,Q,L,I,L,D,N,S,G,D,L,T,S,Q,L,H,S,D,D,D,W,L,L,L,L,I,I,W,W,F,A,A,G,L,D,V,W,V,E,V,V,I,T,G,T,S,R,I,L,R,A,F,T,S,T
T,N,I,W,F,F,G,L,A,S,A,L,Y,E,G,G,F,I,V,I,N,G,R,T,A,R,I,E,R,L,W,M,S,Q,N,G,D,R,G,D,I,K,V,V,I,F,A,R,E,I,F,Q,G,R,L,H,Q,Y,Q,A,S,G,T,L,K,V,W,I,S,W,V,Y,V,Y,K,R,K,V,K,R,I,V,P,H,E,D,E,S,R,S,S,K,F,I,L,D,E,N,G,L,L,Y,T,I,Y,E,S,S,D,K,D,L,E,E,E,I,K,K,R,F,K,W,G,L,T,V,I,L,V,I,V,I,A,N,H,A,E,V,L,Y,A,T,T,D,N
T,N,L,F,A,Y,P,Y,A,G,S,L,R,I,G,D,F,V,L,I,N,G,E,A,A,L,I,T,Y,L,W,V,S,K,N,G,T,D,G,E,A,L,V,R,I,K,A,R,D,S,F,D,G,R,E,H,W,L,M,A,K,R,L,Y,F,T,W,I,A,W,V,Y,F,Y,E,Y,I,V,Q,A,I,F,P,H,E,I,E,Q,Q,L,H,Q,L,L,L,D,L,K,G,V,L,T,D,Q,I,H,T,E,D,D,D,L,H,N,E,I,L,K,R,Y,A,E,G,K,I,V,V,V,R,V,V,I,A,K,R,S,R,I,E,Y,T,T,T,L,G
T,N,L,T,T,F,N,K,A,E,Q,L,Y,I,G,D,F,A,R,I,N,G,Q,A,T,I,I,V,W,L,W,I,S,E,T,G,T,N,N,D,A,I,V,F,I,R,A,L,D,S,F,S,G,D,T,R,E,A,R,F,P,K,E,F,W,V,L,I,P,F,V,Y,V,Y,V,W,S,V,Q,Y,I,L,P,A,N,D,E,N,K,L,W,L,L,Y,L,S,S,D,G,T,Y,I,N,Q,E,K,S,Q,D,D,D,L,Q,K,K,I,L,L,K,F,L,W,G,L,I,V,V,E,F,F,T,R,A,S,T,R,R,T,T,K,I,D,T,L,G
T,N,K,Q,F,F,D,K,A,E,Q,L,R,Q,G,G,Y,S,A,I,N,G,Q,D,T,R,I,E,R,I,Y,I,L,D,N,G,T,L,G,I,A,F,V,I,L,L,A,R,D,T,H,N,G,L,W,F,K,Y,T,A,P,K,E,Y,K,T,L,I,P,W,V,Y,W,Y,E,Y,Y,V,V,K,I,D,P,H,S,D,E,S,I,L,A,L,F,Y,V,D,L,N,G,D,L,F,D,Y,H,F,S,S,D,D,E,L,N,K,K,I,K,K,L,Y,N,K,G,Q,D,V,I,L,H,H,E,T,S,Q,T,T,R,T,I,L,A,T,T,S,G
W,N,I,T,T,F,P,F,A,G,R,L,R,I,G,S,F,S,T,I,N,G,L,T,T,E,V,I,Y,L,W,I,S,Q,T,G,T,T,G,L,R,V,V,R,V,I,A,L,D,T,H,R,G,L,V,F,Y,M,E,A,L,R,E,Y,M,T,L,I,S,W,V,L,W,F,K,Y,Y,V,F,W,I,K,P,H,D,D,E,S,Q,P,F,K,M,F,L,S,L,S,G,V,R,T,D,Q,I,Y,S,S,D,L,N,L,N,L,E,I,E,K,R,F,R,E,G,R,S,V,W,V,V,V,E,W,A,Q,E,A,T,I,R,R,A,F,S,S,G
T,N,I,Y,F,Y,T,R,S,G,L,L,R,R,G,G,F,V,L,I,N,G,Y,T,T,K,I,L,W,L,W,M,R,K,N,G,D,N,G,L,A,W,V,Y,I,R,S,L,D,I,F,N,N,L,W,Y,F,A,M,S,L,S,T,Y,Y,S,W,I,S,W,V,Y,V,Y,T,Y,F,V,L,A,I,I,P,H,D,D,E,S,K,R,K,F,L,R,L,S,T,S,G,D,E,L,T,L,L,E,S,E,D,D,D,L,R,K,E,I,E,R,R,F,K,A,G,L,T,T,R,V,Y,V,T,V,A,D,T,A,R,V,T,R,A,S,T,S,T
T,N,L,T,T,Y,S,R,S,G,L,L,V,Q,G,G,Y,T,V,I,N,N,R,S,T,R,I,E,Y,L,Y,M,T,Q,T,G,T,T,G,V,A,K,V,I,I,I,S,R,D,I,F,R,G,E,E,R,K,H,K,S,L,A,L,Y,Y,S,L,I,P,W,L,Y,K,Y,Q,W,Y,V,Q,R,I,W,P,A,E,I,E,Q,L,P,S,I,F,Y,L,T,S,T,G,T,L,M,D,N,R,Q,S,S,D,Q,K,L,N,I,L,I,K,L,L,Y,K,W,G,F,D,V,I,V,H,I,F,V,S,S,T,A,M,I,L,E,A,T,T,S,T
T,N,L,W,V,F,N,E,A,R,R,L,R,R,G,W,F,S,V,I,N,G,R,A,T,I,I,V,F,L,W,T,T,G,T,G,E,R,G,L,S,W,V,F,V,I,S,V,D,D,S,D,G,R,V,F,K,M,M,S,Y,G,W,Y,F,V,L,I,P,I,I,F,R,Y,E,R,R,V,F,W,I,Y,P,H,D,D,E,S,R,L,Y,Y,H,F,N,D,S,S,G,D,T,D,T,T,H,T,S,K,D,D,D,T,Q,K,K,A,H,L,W,F,L,W,G,L,E,L,F,E,Y,H,Y,E,H,G,E,R,R,T,R,E,I,S,T,G,T
W,D,I,Q,W,Y,N,L,A,G,L,L,Y,R,G,A,Y,V,H,I,G,G,D,D,A,K,I,E,R,L,E,I,L,K,T,G,T,E,G,Y,A,W,V,W,I,R,A,R,K,T,H,D,G,K,I,F,Y,L,T,A,K,H,L,Y,W,T,W,I,G,W,V,Y,Y,Y,K,W,T,V,Q,R,I,Q,P,H,D,L,E,W,M,P,S,K,F,L,T,D,F,N,G,Q,L,K,D,E,H,H,S,E,D,E,E,L,K,R,K,I,E,W,F,F,K,W,G,L,L,V,I,T,I,H,V,K,S,T,T,E,R,T,E,R,T,T,T,S,T
T,N,I,T,S,F,D,F,A,K,R,L,R,I,G,G,F,V,L,I,N,G,R,T,A,R,I,E,R,L,Y,I,T,Q,N,G,T,N,N,L,S,W,V,F,V,W,A,K,D,I,S,D,G,R,L,M,Q,L,T,A,L,G,E,Y,K,T,L,I,A,W,V,L,E,F,E,Y,L,V,L,R,I,I,P,H,D,D,E,S,K,R,S,F,L,I,T,S,L,S,G,Q,T,D,K,S,L,E,S,S,D,D,D,L,E,K,K,I,K,W,M,F,K,K,G,L,L,V,K,I,H,V,Y,W,A,S,R,A,E,V,M,R,A,T,T,T,G
T,N,L,T,T,F,D,Y,A,R,H,L,R,Q,G,W,Y,S,V,I,N,N,R,A,T,K,I,I,F,L,W,M,S,Q,S,G,Q,N,G,L,I,L,V,F,V,I,A,R,D,I,F,N,G,L,L,F,K,M,K,A,L,H,D,Y,R,T,L,I,P,F,I,Y,L,K,I,F,K,L,Y,A,I,F,P,H,D,D,E,N,Q,W,F,Y,F,W,L,S,E,S,G,E,L,I,W,Q,L,T,S,D,K,W,E,L,F,L,E,I,I,W,R,F,L,K,G,E,D,V,K,V,Y,V,F,T,S,G,T,S,R,I,L,R,A,S,T,D,N
T,N,Q,T,T,F,L,E,A,G,R,L,Q,R,G,G,F,I,V,I,N,N,Q,T,A,R,I,I,W,L,W,V,S,K,T,G,T,T,G,D,A,K,V,R,V,R,A,K,D,T,S,R,G,L,T,F,E,L,E,A,S,A,S,Y,F,V,K,I,S,F,I,Y,Y,Y,V,F,H,V,Y,Y,I,L,P,H,E,D,E,S,Q,P,S,Y,H,F,L,D,Q,Q,G,D,M,T,T,N,L,T,S,S,D,D,D,L,N,D,K,I,K,K,W,W,K,A,G,L,D,V,R,V,I,V,E,T,N,G,T,S,T,I,Q,F,A,T,T,S,T
W,N,I,Q,T,F,T,K,A,G,L,L,R,Q,G,G,F,V,A,I,N,G,K,T,T,R,I,Q,Y,L,Y,I,S,E,T,G,T,T,G,T,K,L,V,F,I,I,A,R,D,I,F,D,G,K,W,Y,T,W,Q,A,K,A,T,Y,F,V,L,I,S,F,V,Y,Q,Y,K,Y,K,V,Y,R,I,I,P,H,D,D,E,S,Q,P,Y,Y,L,V,L,D,D,N,G,Q,Y,S,T,D,L,E,T,D,D,D,D,L,R,D,K,I,L,E,W,F,A,R,G,L,T,V,I,V,V,V,V,V,A,Q,R,A,R,I,I,F,A,T,T,S,T
T,N,I,T,A,F,P,R,A,R,L,L,R,D,G,D,F,I,L,I,G,N,R,D,A,T,I,V,Y,L,W,E,S,Q,G,G,D,D,G,D,S,W,V,F,V,I,A,R,D,S,H,N,G,L,E,F,K,Y,R,A,K,G,S,Y,Y,V,W,I,S,F,V,Y,V,F,F,F,Y,V,Y,H,I,D,P,H,D,D,E,S,H,L,Y,K,L,V,I,D,W,K,G,I,Y,Y,T,Q,M,H,S,W,D,K,K,H,N,L,F,V,L,F,E,W,W,A,G,T,T,V,I,L,E,A,R,E,S,K,D,R,R,F,E,R,A,T,T,D,N
T,N,L,Y,F,F,W,K,A,K,L,L,Y,E,G,S,W,I,L,I,G,G,K,A,A,I,I,V,R,F,Y,Q,S,K,G,G,Q,Y,G,K,S,V,V,F,V,I,A,L,D,A,F,D,G,T,I,L,F,Y,A,A,E,G,E,R,F,V,K,I,P,W,I,Y,V,Y,V,Y,K,V,F,R,I,I,P,H,D,D,E,S,R,P,Y,L,L,K,L,D,E,R,G,L,Y,W,M,E,L,F,S,D,D,Y,N,T,S,T,G,I,L,E,K,W,A,K,G,E,T,V,R,V,Y,V,Y,K,A,S,R,R,R,I,L,Y,F,S,T,S,T
T,D,L,T,T,F,D,E,S,K,K,L,R,I,G,G,Y,V,I,I,N,N,K,S,T,R,I,V,R,L,D,I,S,Q,T,G,D,S,G,T,S,F,V,T,I,K,A,L,D,T,H,E,G,N,T,L,K,L,T,S,K,G,E,Y,R,S,L,I,P,W,V,Y,R,Y,V,Y,L,L,F,A,I,I,P,H,D,D,E,S,Q,L,T,Y,L,V,L,D,L,N,G,D,R,I,T,L,L,T,S,K,D,Q,E,R,Q,Q,R,I,K,L,W,Y,L,W,G,W,L,V,F,V,V,V,E,K,S,T,I,A,S,I,V,Y,I,H,T,G,T
T,N,L,T,W,F,S,R,A,E,E,L,T,Q,G,D,F,V,V,I,N,G,Q,T,A,K,I,Q,W,I,Y,V,T,K,T,G,T,N,N,T,A,L,V,K,I,K,A,R,D,I,K,K,G,L,W,F,E,R,V,E,K,A,T,S,Y,T,W,I,S,F,V,Y,K,Y,F,W,L,L,I,A,I,I,P,H,E,D,E,S,Y,P,S,K,L,V,L,D,D,R,G,Y,T,L,T,Q,V,Y,S,E,D,K,D,L,E,L,L,L,K,Y,L,F,K,L,G,L,T,V,M,V,L,I,V,K,A,T,N,A,F,V,K,K,A,T,T,T,T
T,N,I,T,F,F,T,L,A,A,L,L,R,R,G,G,F,I,K,I,N,N,L,A,A,R,I,H,R,L,Y,Q,L,K,T,G,T,N,N,R,A,K,V,I,V,Y,A,Y,D,I,F,H,G,L,L,F,T,M,T,A,E,S,T,H,W,V,F,I,P,W,V,Y,V,Y,K,Y,L,V,V,Y,L,W,P,H,S,D,E,S,R,L,W,H,M,I,L,S,S,S,G,D,L,T,T,D,L,E,S,E,D,D,N,L,L,K,E,I,I,E,R,F,R,K,G,L,T,V,R,V,V,V,V,V,A,S,K,A,K,I,L,Y,A,T,T,T,T
T,N,Q,Y,F,F,W,K,A,G,Q,L,R,I,G,G,L,V,L,V,N,G,R,A,T,Q,I,T,E,F,R,S,S,G,G,G,T,T,G,D,T,L,V,K,I,K,S,T,D,S,H,D,G,D,T,L,K,L,R,A,S,S,T,Q,F,T,K,I,P,F,L,Y,T,E,T,W,K,L,K,E,I,K,P,H,D,D,E,S,Q,L,F,K,Y,K,L,D,D,K,G,I,F,K,E,E,H,K,S,E,D,D,D,L,N,K,K,I,W,E,K,Y,L,K,G,T,T,V,R,V,F,R,F,I,S,G,R,A,R,I,L,R,T,T,T,T,T
W,N,I,Y,W,F,P,R,A,L,W,L,R,R,G,G,Y,V,H,I,N,G,R,T,A,R,I,V,W,L,Y,T,T,K,T,G,T,N,G,L,I,F,V,I,I,I,A,R,D,I,F,D,G,R,E,F,K,R,T,E,H,A,E,H,W,T,Y,I,G,I,I,W,V,Y,M,W,F,V,F,K,I,I,P,H,D,D,E,S,Q,P,T,W,L,K,I,D,W,K,G,E,T,R,T,E,L,T,T,D,D,D,N,L,R,D,E,I,K,E,R,F,A,K,G,L,T,V,I,I,Y,V,V,V,D,Q,T,A,R,I,T,H,V,S,T,S,T
W,N,V,F,F,F,W,R,A,E,E,L,Y,I,G,Q,Y,T,L,I,N,G,K,A,A,I,I,K,Y,L,W,I,S,Q,N,G,T,N,G,I,A,W,V,F,I,I,A,R,D,S,H,D,G,K,V,F,K,M,K,S,K,H,D,N,F,T,K,I,P,F,V,W,T,E,A,Y,K,T,L,A,I,I,P,H,D,D,E,S,Q,P,F,L,F,V,I,D,E,K,G,L,Y,Y,D,Y,E,H,S,E,D,D,D,E,L,L,R,A,L,L,I,W,L,W,G,L,D,L,V,L,F,F,Y,K,T,G,E,R,R,A,L,Q,S,S,T,T,G
T,N,I,Q,W,F,P,L,A,G,L,L,R,E,G,D,F,V,L,I,G,G,L,A,A,K,I,V,R,L,R,I,S,D,N,G,N,N,N,D,S,T,V,V,I,I,A,V,D,T,H,E,G,K,V,F,Y,L,T,A,S,K,T,Y,I,L,W,I,P,W,T,L,V,F,V,W,R,V,Y,A,L,D,P,H,D,D,E,S,Q,R,Y,Q,H,V,L,R,D,Y,G,V,Y,M,N,T,Q,H,A,E,R,E,E,L,H,K,R,E,L,W,W,F,R,W,G,L,T,V,R,V,V,I,V,V,T,G,D,S,R,I,E,Y,I,T,T,T,T
T,N,I,T,W,F,P,T,A,K,S,L,Q,R,G,D,W,V,L,I,N,N,K,A,T,I,I,T,W,F,Y,I,L,K,Y,G,R,Y,G,W,A,W,V,F,I,E,A,K,D,S,Y,D,G,E,T,H,Y,H,R,A,Y,G,W,Y,F,V,W,I,P,W,I,Y,V,Y,A,R,Y,V,L,A,I,I,P,H,D,D,E,S,Q,L,F,F,L,V,T,S,S,S,G,T,T,E,T,T,Q,K,S,K,D,D,D,H,S,K,L,T,R,W,L,Y,A,F,G,L,N,V,I,L,Y,F,S,T,K,G,D,T,R,A,T,Q,T,S,T,D,N
W,N,I,T,F,F,P,L,A,G,E,L,Q,L,G,A,L,I,R,I,G,G,K,V,A,E,I,K,Y,F,Y,E,S,Q,G,G,T,T,G,T,S,E,V,F,I,I,A,Q,D,R,F,E,G,K,W,F,T,Y,S,A,K,K,L,Y,K,V,W,I,A,I,M,Y,V,Y,F,F,T,V,Y,K,I,E,P,H,D,D,E,N,Q,L,A,K,L,Y,L,D,W,H,G,I,Y,R,Y,W,I,E,S,E,D,D,N,L,Q,D,N,I,K,E,K,F,K,N,G,Y,T,V,V,V,V,V,F,K,A,N,R,E,R,I,L,R,S,T,T,L,G
T,N,I,T,F,F,W,Y,A,K,L,L,R,R,G,W,F,T,E,I,N,G,L,T,T,R,I,E,A,L,Y,I,S,D,G,G,L,Y,G,F,T,W,V,K,I,I,A,T,D,M,F,K,G,L,T,F,V,R,E,A,H,K,E,E,R,T,K,I,S,W,L,Y,T,Y,V,W,K,V,F,Y,I,L,P,A,D,D,E,N,L,P,F,Q,L,V,L,D,D,Q,G,R,Y,I,T,Q,L,H,S,E,D,L,E,L,L,L,R,T,L,W,L,W,K,R,G,Y,D,V,R,L,Y,V,F,K,A,S,T,S,R,V,I,L,S,S,T,S,T
T,N,I,Q,W,F,P,L,S,S,L,L,R,V,G,G,W,V,L,I,G,G,Q,S,A,I,I,I,R,L,E,I,Q,K,N,G,T,Q,G,I,A,K,V,K,I,R,A,R,D,S,H,N,G,D,T,R,E,L,E,A,A,A,Y,Y,F,S,W,I,S,W,V,Y,F,Y,K,Y,I,I,Q,Y,I,Y,P,H,D,D,E,N,R,P,F,Q,F,F,L,D,L,Q,G,Q,L,K,Y,Y,L,Y,S,D,D,K,E,L,L,E,R,I,L,E,K,Y,L,E,G,K,T,V,V,V,V,V,I,K,S,S,T,S,R,I,V,F,V,T,T,L,T
T,N,I,T,F,F,L,L,A,G,L,L,I,R,G,A,F,I,E,I,N,G,K,T,A,K,I,V,F,Y,W,E,S,K,T,G,T,T,G,K,A,W,V,F,V,R,A,V,D,I,H,E,G,K,L,Y,Q,F,M,G,L,R,Y,Y,K,V,K,I,S,F,V,Y,V,Y,Y,F,L,V,Y,A,L,I,P,H,E,D,E,S,Q,R,W,F,M,V,L,S,T,S,G,D,V,K,I,Y,L,E,S,E,D,L,S,L,L,L,E,I,I,F,K,F,L,K,G,L,T,V,R,V,V,V,V,R,T,E,R,E,R,I,T,R,A,T,T,T,G
T,N,Q,T,T,F,P,K,A,E,Q,L,R,I,G,G,W,I,I,I,N,N,E,A,A,I,I,V,D,L,W,I,S,K,N,G,N,Y,G,I,Q,F,V,W,I,K,A,V,K,S,H,D,G,K,T,R,K,K,Q,S,P,K,E,Y,W,E,W,I,P,F,V,Y,T,Y,V,Y,F,T,L,Y,I,Q,P,H,E,D,E,N,Q,P,D,I,H,V,H,D,N,N,G,K,T,Y,T,L,H,H,S,K,D,E,E,L,E,K,K,A,W,E,K,F,L,K,G,L,L,V,R,H,F,H,F,V,T,G,D,E,R,T,I,L,I,D,T,S,T
W,F,Y,Q,F,F,W,L,A,R,L,L,R,I,G,S,F,A,R,I,N,G,L,T,T,M,V,I,Y,L,Y,I,S,K,D,G,T,L,G,L,S,L,V,I,I,V,A,K,H,I,F,Y,G,W,V,F,Q,M,T,A,W,G,L,Y,W,V,K,I,S,F,V,Y,V,Y,V,Y,R,V,V,A,I,I,P,H,E,I,E,Q,Q,P,K,W,L,V,L,D,E,N,G,K,L,R,F,Y,I,H,S,S,K,K,E,L,N,L,K,I,E,L,L,Y,K,L,G,L,T,V,R,V,V,V,V,K,A,S,T,S,R,I,L,Y,A,H,T,S,G
F,N,I,Q,F,F,L,K,A,G,L,L,R,I,G,G,F,V,R,I,N,G,L,T,A,K,I,V,W,L,Y,M,T,K,T,G,Q,Y,G,L,I,W,V,F,I,R,A,L,D,T,H,L,G,L,S,F,F,L,R,A,H,A,E,W,F,T,K,V,S,F,V,E,V,K,I,R,K,V,Y,R,I,I,P,H,E,D,E,S,Q,P,S,K,L,I,L,D,S,R,G,Y,M,D,I,Y,F,K,S,E,D,K,D,E,N,L,D,I,L,E,L,F,L,R,G,Y,T,V,I,V,F,I,F,K,S,Q,T,E,R,I,L,R,F,S,T,D,N
F,N,I,T,T,F,T,R,A,G,R,L,R,I,G,S,W,V,E,I,N,G,Q,V,T,I,V,V,R,L,R,I,S,Q,N,G,N,T,G,D,A,W,V,F,I,E,A,V,D,A,F,Q,G,L,R,F,F,Y,R,A,K,W,S,F,Y,T,L,V,A,F,I,L,V,F,K,W,K,V,Y,D,I,V,P,H,D,D,E,S,R,R,K,W,L,D,L,D,D,N,G,V,Y,K,R,Y,L,E,S,S,D,D,E,L,N,K,K,I,E,Y,L,F,K,A,G,Y,T,V,V,V,V,V,V,K,A,S,R,A,E,V,L,Y,V,T,T,T,T
T,N,I,Y,Y,F,W,K,A,G,S,L,R,I,G,H,F,I,A,I,N,G,K,T,A,R,I,E,Y,L,L,I,S,K,Y,G,T,E,G,T,A,K,V,F,V,R,A,Q,D,I,F,E,G,K,W,Y,K,I,S,A,K,A,T,Y,K,T,L,V,G,I,V,L,Y,F,T,Y,K,V,Y,K,L,I,P,H,E,D,E,N,Q,N,W,W,H,L,L,T,E,K,G,L,L,Y,N,T,H,K,S,D,D,D,D,L,E,K,E,I,H,D,R,F,K,K,G,E,T,T,R,V,V,L,V,H,S,A,I,T,R,T,M,Y,A,T,T,T,T
T,N,I,Y,F,F,W,L,A,G,A,L,Q,Q,G,G,F,S,L,F,G,G,L,T,T,K,I,V,R,F,Y,K,S,R,T,G,T,T,G,K,A,K,V,H,I,I,S,L,D,I,F,Y,G,W,E,F,R,S,T,A,E,A,Y,R,Y,T,K,I,G,I,V,L,Y,F,Y,Y,A,V,F,Q,I,I,P,H,D,D,Q,S,E,R,S,F,L,V,L,D,N,N,G,Y,Y,I,T,L,L,E,S,E,D,D,N,L,K,D,D,I,E,K,R,F,W,S,G,D,L,V,W,L,V,V,T,V,A,T,I,S,R,V,V,F,A,Y,T,S,G
T,N,L,T,T,F,F,K,S,R,L,L,R,I,G,W,F,V,R,I,N,G,K,A,A,I,I,I,E,L,R,E,S,D,N,G,T,T,G,D,R,L,V,I,I,R,A,R,D,A,F,N,G,Q,I,L,E,M,K,S,S,G,E,Y,F,S,E,I,P,W,V,L,E,Y,V,Y,E,V,Q,A,I,Y,P,H,D,D,E,S,R,P,F,W,L,V,L,D,R,R,G,Y,L,I,T,L,I,E,S,D,D,D,N,L,L,D,D,I,I,K,K,F,R,K,G,L,T,V,V,V,H,V,F,V,A,S,D,A,R,I,L,K,S,T,T,T,T
F,N,I,Q,F,F,T,R,A,E,L,L,R,V,G,G,F,V,L,I,N,G,K,A,A,I,I,L,Y,L,Y,K,Y,K,T,G,Q,Y,G,I,T,R,V,F,V,I,A,R,D,S,F,E,G,E,I,M,K,M,E,A,F,G,L,Y,Y,V,W,I,P,W,I,Y,K,Y,W,R,K,V,I,R,I,I,P,H,E,D,E,S,K,P,D,F,H,I,L,D,S,Q,G,D,K,D,N,S,Q,T,S,E,D,Q,E,L,Q,D,R,I,R,E,K,F,R,K,G,L,T,V,V,V,L,I,V,R,G,Q,R,S,R,I,T,R,T,T,T,T,G
F,N,I,Q,W,F,S,Y,S,K,K,L,R,R,G,S,F,I,L,I,N,G,E,T,T,K,V,V,R,F,Y,S,S,K,D,G,T,E,G,K,A,W,D,Y,V,W,A,L,D,T,F,D,G,R,L,H,F,K,Y,S,K,G,E,H,E,E,W,I,A,W,V,L,K,F,E,Y,K,V,L,Y,I,E,P,H,D,D,E,S,K,P,P,K,H,K,L,D,W,K,G,I,T,K,T,E,H,H,S,D,D,D,D,L,Q,K,E,S,L,L,R,F,W,W,G,L,T,V,R,E,V,H,T,K,A,N,T,E,R,T,T,R,V,T,T,S,G
T,N,L,H,F,F,F,E,A,G,R,L,R,Q,G,G,F,S,L,V,N,G,K,S,T,R,I,E,Y,F,Y,E,S,Q,N,G,T,T,G,T,A,W,V,F,I,R,S,R,D,I,H,D,G,L,W,F,Q,M,T,A,K,K,L,Y,F,T,K,I,P,F,V,W,K,Y,E,Y,L,V,L,A,I,F,P,H,D,D,E,S,R,D,K,F,M,K,L,T,S,S,G,V,T,I,T,N,L,R,S,S,D,N,N,L,Q,L,E,I,E,L,K,F,K,W,G,W,L,V,V,V,H,V,Y,R,S,D,T,T,R,I,I,E,A,T,T,L,G
T,D,V,D,F,Y,S,Y,A,G,S,L,R,Q,G,G,W,V,L,I,N,N,K,A,A,I,I,V,R,L,E,I,S,Q,N,G,D,N,G,D,S,K,V,W,I,K,A,I,D,S,T,D,G,L,V,F,F,Y,Q,A,S,S,T,F,F,V,W,I,P,W,V,Y,E,Y,K,F,Y,V,F,W,I,E,P,A,D,D,E,S,K,P,F,K,L,L,L,D,S,R,G,L,F,L,T,Q,Q,K,S,S,D,D,D,L,N,K,E,I,F,K,R,F,L,A,G,L,T,V,I,V,V,L,K,K,T,G,T,T,R,I,T,E,A,T,T,S,G
K,N,I,T,S,F,D,L,A,G,L,L,R,I,G,W,F,V,E,I,N,G,E,T,A,R,I,V,Y,F,Y,I,T,D,N,G,D,N,N,L,A,Y,V,V,I,R,A,R,D,I,F,K,G,D,T,R,E,M,Q,A,A,A,L,Y,W,V,L,I,S,F,V,Y,T,Y,H,F,K,V,F,D,L,V,P,H,D,D,E,S,Q,L,W,K,L,I,L,D,D,Q,G,D,K,F,T,Q,L,H,T,E,D,D,N,R,L,D,N,I,K,D,K,F,R,K,G,L,E,V,F,V,K,V,F,K,A,S,T,S,R,V,L,Q,T,Y,T,G,T
T,N,V,Q,W,F,N,K,A,R,L,L,R,Q,G,G,F,S,F,I,N,G,L,T,T,R,I,I,R,L,Y,I,T,G,S,G,T,T,G,D,E,K,V,F,I,R,S,K,D,T,H,E,G,R,S,F,F,Y,K,A,H,G,E,Y,F,I,W,I,S,W,V,W,V,Y,F,R,A,V,F,A,L,F,P,A,E,D,E,S,K,P,R,L,H,K,I,D,N,N,G,R,T,E,T,K,E,Y,S,D,D,E,S,E,Q,R,L,T,E,L,L,Y,R,W,G,L,T,V,F,L,E,F,R,E,S,K,D,R,R,M,E,R,S,F,T,G,G
T,N,I,T,T,F,L,Y,A,G,L,L,Y,I,G,Q,L,V,M,I,N,N,K,A,A,K,I,I,R,F,R,R,S,T,S,G,T,T,G,D,E,K,V,F,I,V,A,M,D,I,F,D,G,E,I,L,Y,Q,E,A,R,K,K,Q,R,L,K,I,P,F,L,Y,T,Y,K,W,K,M,L,R,I,I,P,H,D,D,E,S,Q,P,A,V,F,V,L,T,D,T,G,T,T,L,T,Q,H,E,S,S,D,D,D,R,S,K,D,M,L,E,K,F,L,R,G,L,T,V,I,V,V,I,D,V,A,A,R,S,R,I,T,R,H,T,T,S,G
T,N,V,T,T,F,L,R,A,G,E,L,R,L,G,G,F,V,A,I,N,G,L,T,T,E,I,K,F,L,W,I,S,K,T,G,D,N,G,E,A,W,V,Y,I,I,A,R,V,I,H,L,G,L,V,L,T,H,M,A,K,A,T,F,F,T,Q,I,S,F,V,Y,T,Y,K,W,Y,V,Q,K,I,I,P,A,E,D,E,S,L,P,T,Y,H,I,L,D,L,N,G,V,L,V,T,N,L,H,S,S,D,K,D,L,Q,L,E,I,K,F,K,Y,A,S,G,T,T,V,I,V,E,V,Y,V,I,K,H,A,E,I,L,R,T,T,T,S,T
T,N,I,F,W,F,P,K,A,G,Q,L,R,I,G,G,Y,V,E,I,N,N,K,A,A,R,I,V,W,Y,Y,E,S,K,S,G,T,L,G,L,R,Y,A,Y,I,R,A,I,D,T,H,D,G,K,T,F,F,L,A,A,Y,A,W,Y,K,L,W,V,A,W,F,Y,F,Y,V,F,S,I,Q,R,L,I,P,H,E,D,E,S,Q,P,W,R,F,V,T,S,S,S,G,L,Y,Y,D,Y,M,H,S,D,D,D,D,L,L,K,R,I,F,W,L,F,W,F,G,V,L,V,L,I,V,I,E,V,A,N,R,A,S,V,T,R,V,T,T,S,T
T,N,I,T,Y,F,T,L,A,G,L,L,R,I,G,A,W,V,L,I,N,G,Q,A,T,V,I,W,R,L,R,E,S,Q,N,G,T,N,N,L,I,F,V,T,I,Y,S,W,D,S,F,D,G,R,L,F,V,L,T,A,H,K,L,A,V,V,Y,V,P,F,V,L,F,Y,K,Y,I,V,L,A,L,D,P,H,D,D,E,S,Q,P,W,K,M,L,L,D,N,N,G,N,L,L,T,E,L,K,S,D,D,D,D,L,A,F,L,I,W,L,F,F,L,L,G,W,T,V,I,V,I,V,E,Y,A,S,T,K,K,V,T,K,V,T,T,A,G
T,N,D,Q,W,F,P,R,A,G,L,L,R,I,G,S,L,T,L,I,N,N,R,T,A,E,V,I,R,F,E,L,S,T,T,G,T,Y,G,I,A,I,A,H,V,E,A,R,D,T,H,H,H,L,L,F,K,M,R,A,W,A,L,Y,F,T,W,I,S,F,L,L,L,F,V,Y,R,T,Y,R,I,I,P,H,D,D,Q,S,R,P,D,F,Y,I,L,D,Q,Q,G,D,W,T,T,T,L,E,S,E,D,E,D,L,R,R,E,M,Q,K,R,Y,K,W,G,L,E,L,Y,V,Y,V,F,K,S,Q,T,S,R,I,E,R,A,S,T,G,T
T,N,I,Y,Y,F,T,L,A,S,S,T,R,I,G,S,F,V,I,I,N,N,Q,T,T,R,V,I,Y,L,Y,I,T,K,T,G,T,T,G,E,A,K,V,F,I,I,A,L,D,I,F,Q,G,I,T,F,Y,L,K,A,Y,G,W,H,W,L,W,I,S,W,V,Y,T,Y,R,W,K,V,I,A,I,V,P,H,D,D,E,S,Q,P,F,K,L,V,T,T,E,L,G,L,K,K,K,Y,Q,H,S,S,D,E,D,H,N,K,R,I,W,Y,L,F,L,M,G,Y,V,V,E,T,Y,F,F,T,S,G,T,T,R,A,I,L,S,S,T,T,T
T,N,V,Y,F,F,N,K,A,R,L,L,R,Q,G,G,F,A,L,I,N,G,L,A,T,L,I,V,Y,L,W,I,S,T,T,G,T,T,G,D,A,K,V,F,I,R,A,L,D,I,F,W,G,W,T,F,E,M,E,A,K,G,S,Y,F,T,W,I,P,W,V,Q,Y,Y,V,Y,K,V,L,F,I,W,P,H,D,D,E,S,K,D,T,K,L,V,L,D,E,Q,G,R,L,L,T,L,M,K,S,L,D,D,N,L,N,D,K,L,K,K,L,F,N,A,G,L,T,V,R,V,V,I,V,T,A,S,T,S,R,I,L,Y,V,T,T,S,T
T,N,I,Y,V,F,T,L,A,R,L,L,R,R,G,D,F,V,L,I,E,N,R,T,A,R,I,I,W,L,Y,I,L,D,N,G,N,T,G,T,A,W,V,F,I,R,A,R,D,I,H,K,G,E,D,K,K,M,R,A,K,G,D,Y,W,T,L,I,S,F,V,Y,E,Y,K,M,L,L,V,A,I,I,P,A,Q,D,E,S,L,P,Y,Y,L,I,L,D,Q,N,G,R,L,Y,T,D,L,F,S,E,D,Q,D,L,Q,K,K,I,K,F,L,F,K,Q,G,L,L,V,R,L,V,V,R,T,A,S,E,S,R,V,E,R,V,T,T,T,T
T,N,I,T,W,F,D,R,A,R,E,L,R,V,G,D,F,A,L,V,N,G,K,T,T,I,I,V,R,F,R,Q,S,R,T,G,T,N,G,K,S,F,V,F,V,R,S,I,D,M,Y,N,G,I,S,F,F,M,T,A,H,G,D,Y,W,T,W,I,A,W,V,Y,T,Y,L,R,I,V,L,Y,L,R,P,H,D,D,E,S,R,P,W,F,M,I,L,D,N,N,G,Q,V,Q,T,Q,H,T,T,D,D,Q,R,L,L,E,E,I,L,K,R,F,L,W,G,L,D,V,R,V,F,I,Y,R,A,Q,E,S,K,V,L,R,A,T,T,S,T
T,N,V,T,Y,F,W,K,A,G,L,L,R,R,G,W,Y,I,E,I,N,G,Y,T,A,K,I,V,F,L,W,V,S,Q,N,G,T,T,G,D,A,F,V,F,V,I,A,L,D,S,F,Y,G,W,T,F,K,I,K,A,R,A,E,D,F,V,K,I,A,W,V,L,Y,F,Y,T,K,T,Q,R,I,I,P,H,D,D,E,S,K,L,F,W,L,I,T,R,D,Q,G,I,L,Y,T,D,W,H,S,L,D,D,D,D,S,K,N,A,L,N,Q,W,L,N,G,T,T,L,V,L,V,F,E,K,A,N,I,I,R,M,S,R,W,T,T,T,T
T,N,I,Y,W,Y,W,K,A,G,Q,L,Q,Q,G,S,F,V,L,I,N,G,K,T,T,I,I,K,Y,L,Y,I,S,K,T,G,T,T,G,T,A,I,V,F,I,I,A,K,D,S,D,D,G,E,W,H,T,R,A,A,K,S,T,E,F,V,A,I,S,W,V,Y,M,Y,A,W,K,V,F,K,I,L,P,H,D,D,K,S,R,L,F,L,L,F,L,V,D,L,G,I,T,L,D,K,L,H,T,E,E,Q,E,K,L,Y,E,I,L,K,K,F,L,E,G,K,D,V,I,V,F,V,F,T,N,T,R,S,R,I,L,R,V,R,T,S,T
W,N,I,N,F,F,W,R,A,G,L,L,Y,L,G,S,T,S,A,I,N,G,R,T,T,I,V,I,Y,L,Y,I,E,Q,N,G,T,L,G,L,A,K,V,F,I,I,A,R,D,S,F,E,G,K,L,R,Q,L,K,A,W,A,W,H,Y,L,L,I,S,I,L,Y,K,Y,R,F,A,V,L,A,I,L,P,H,D,D,E,N,Q,P,D,K,H,L,L,D,N,N,G,D,V,I,K,Q,L,T,S,Q,D,Q,E,Q,Q,L,R,I,K,L,L,F,A,N,G,L,T,V,W,V,Y,V,L,K,S,G,T,A,R,I,T,K,S,S,T,G,T
W,N,I,Q,A,Y,N,R,A,E,R,L,R,Q,G,G,Y,I,L,I,N,G,L,T,A,R,I,Q,Y,Q,Y,V,S,T,T,G,D,N,G,D,A,K,V,F,I,I,A,Q,D,S,F,Q,G,L,W,F,Y,F,E,A,K,G,T,Y,Y,V,W,I,A,F,T,W,E,Y,R,Y,L,V,Y,Y,I,F,P,H,E,D,E,S,Q,P,S,R,F,W,L,D,L,R,G,L,W,M,R,Q,M,F,S,D,R,Q,E,L,E,D,R,M,K,L,R,F,W,L,G,L,I,V,D,V,V,V,I,V,S,S,T,S,R,I,L,Y,V,T,T,L,G
Y,Y,W,T,T,F,T,F,A,G,R,L,T,R,G,D,F,V,R,I,N,G,L,A,A,I,I,T,E,L,Y,I,L,K,D,G,N,N,G,D,S,Y,V,F,I,K,A,R,D,M,F,D,G,R,E,F,K,M,A,A,K,K,E,Y,F,T,L,I,P,F,I,F,E,Y,I,W,K,L,I,A,L,V,P,H,D,D,E,S,Q,H,W,K,R,I,L,D,D,N,G,K,L,L,T,Q,H,H,S,D,D,D,D,H,D,K,L,D,W,L,L,F,W,F,G,V,T,V,I,T,Y,H,F,R,A,Q,R,E,R,D,I,K,S,D,T,S,G
T,N,V,Q,F,F,L,E,A,R,L,V,R,R,G,G,Y,S,L,I,N,G,R,S,T,R,V,I,E,L,K,E,S,K,T,G,T,E,G,T,T,F,H,E,H,K,A,R,E,E,H,E,G,R,L,H,E,H,K,A,K,G,E,Y,F,L,W,I,P,W,I,W,F,F,Y,R,W,V,Q,K,I,E,P,H,D,D,E,S,R,L,S,K,L,H,L,D,D,R,G,E,Y,E,H,N,I,E,S,K,R,D,D,L,Q,D,R,I,K,K,W,W,A,L,G,L,L,V,I,V,V,V,E,K,S,Q,E,M,R,I,T,R,T,T,T,S,G
D,N,V,K,W,F,P,E,A,R,R,L,R,Q,G,G,F,V,L,I,N,G,E,T,A,R,V,V,R,L,W,I,R,K,N,G,T,N,G,D,A,W,V,Y,I,K,A,I,D,I,F,K,G,L,T,F,F,A,M,H,R,G,E,H,W,V,W,I,S,W,L,Y,V,Y,V,Y,Y,V,Y,Y,I,L,P,A,D,D,E,S,K,P,K,Q,L,F,L,D,N,N,G,D,M,I,D,Q,L,H,T,D,K,E,E,L,R,R,K,I,E,L,R,F,K,L,G,L,A,V,L,L,Y,V,F,K,A,D,T,M,K,V,L,R,A,S,T,D,N
T,N,L,Y,Y,F,T,S,A,E,S,L,Q,R,G,D,Y,I,L,I,N,G,K,A,A,R,I,L,Y,F,W,H,S,G,N,G,N,N,N,K,S,Y,S,W,V,R,A,R,D,I,F,D,G,L,F,F,K,Y,A,A,H,R,E,Y,F,T,F,I,P,W,I,Y,E,Y,V,Y,Y,V,I,A,I,F,P,H,D,D,E,S,R,P,A,L,F,L,T,M,N,I,G,L,L,K,W,Y,T,E,S,D,Q,D,S,L,R,Y,L,I,E,L,F,W,K,A,G,L,D,V,L,I,K,E,F,T,A,G,E,T,R,V,L,R,T,T,T,S,G
T,N,F,Y,W,F,P,F,A,G,L,L,Y,I,G,A,Y,V,R,I,N,G,R,T,T,K,V,V,R,L,W,V,S,R,D,G,N,N,N,T,S,Y,V,W,I,K,A,V,D,I,F,D,G,R,V,F,F,L,Q,A,A,A,L,Y,W,V,W,I,A,F,V,Y,V,Y,V,W,K,L,I,A,I,I,P,H,D,D,E,N,Q,R,T,Y,F,V,T,D,D,N,G,K,T,R,T,D,E,H,S,E,D,Y,D,L,E,E,L,A,K,K,L,F,K,Y,G,L,T,V,K,L,V,F,T,T,A,T,R,T,R,V,L,Y,A,T,T,D,N
T,N,V,Y,F,F,S,L,A,G,L,L,Q,R,G,G,W,A,L,I,N,N,K,S,T,I,I,V,Y,F,Y,K,L,K,D,G,T,N,G,D,A,F,T,Y,I,I,A,V,D,S,H,N,G,E,V,L,K,Y,A,A,S,H,D,Y,Y,A,Y,I,A,F,V,Y,R,Y,K,Y,K,T,Q,A,I,L,P,H,K,F,E,Y,R,P,R,T,Y,I,L,D,N,N,G,I,Y,V,T,Q,L,H,T,N,D,D,N,L,E,D,L,I,R,K,W,F,L,A,G,L,T,V,I,L,V,V,E,V,S,S,H,A,S,V,T,R,A,T,T,S,T
T,N,V,Q,F,F,T,F,A,G,R,L,R,Q,G,Q,Y,V,A,I,N,G,K,V,T,R,I,V,Y,L,Y,I,L,K,T,G,T,T,G,D,A,F,V,Y,I,V,A,R,K,T,K,D,G,K,E,F,K,M,A,A,S,S,T,F,F,T,L,I,A,F,V,Y,R,Y,V,Y,E,V,Q,F,I,E,P,H,D,D,E,S,R,L,Y,K,F,Y,L,S,S,D,G,D,L,T,D,T,L,H,S,K,D,W,D,L,W,K,R,I,L,E,K,W,L,K,G,T,L,V,L,V,V,V,E,D,H,K,E,S,F,I,H,F,V,T,T,S,T
T,D,E,D,F,F,W,R,A,G,E,L,R,E,G,G,F,I,K,I,G,G,L,T,T,K,I,I,R,L,Y,I,K,T,T,G,T,N,N,Q,A,K,V,F,V,I,A,Q,V,I,F,Q,G,L,I,L,F,H,E,A,H,K,T,Y,F,V,K,I,S,F,V,Y,L,Y,K,F,R,V,L,K,I,I,P,H,E,I,E,Q,Y,P,S,H,L,V,T,D,D,N,G,L,T,Y,T,I,F,H,S,S,D,D,N,L,N,W,K,I,K,Y,L,Y,K,L,G,L,E,V,W,V,M,V,F,V,A,G,Q,A,Q,I,I,K,V,F,T,S,G
T,N,L,H,Y,F,P,K,A,G,S,L,R,I,G,G,W,V,A,I,N,N,R,T,A,I,V,V,Y,F,W,S,S,Q,G,G,T,N,G,D,V,F,I,M,I,I,A,V,D,S,F,N,G,L,V,F,T,R,T,E,A,A,L,Y,F,T,W,I,S,F,V,Y,Q,Y,A,Y,K,V,L,A,I,V,P,H,D,D,Q,S,R,P,S,L,W,F,L,D,D,Q,G,D,V,I,D,N,L,Y,S,D,D,W,N,L,E,Y,W,I,K,F,K,F,K,R,G,L,T,V,I,V,F,V,F,K,A,K,T,S,R,V,L,K,A,T,T,D,N
D,D,D,K,Y,F,T,K,A,K,A,L,Y,I,G,G,F,V,A,I,N,G,K,S,A,L,I,V,R,L,K,I,E,E,N,G,T,N,N,D,A,R,V,E,I,W,A,I,D,T,H,N,G,E,L,H,T,L,K,A,A,G,D,H,F,L,L,V,P,I,V,L,V,F,Y,F,F,V,Q,R,I,D,P,A,D,D,E,S,E,P,S,K,L,T,L,T,L,Q,G,D,L,F,T,Q,L,K,T,D,D,W,W,L,E,W,L,T,K,Y,L,F,W,L,G,L,L,V,I,L,E,V,R,Q,S,D,D,S,R,V,L,R,S,T,T,S,T
T,N,L,T,F,F,T,Y,A,K,K,L,L,R,G,G,F,I,L,I,N,G,K,A,A,K,I,V,R,L,E,I,S,Q,T,G,T,T,G,T,A,K,V,K,V,W,A,I,E,I,V,R,G,E,L,H,F,L,E,V,D,G,T,F,L,V,Y,I,P,W,I,Y,V,E,Q,R,Y,V,L,F,I,L,P,H,D,D,E,S,R,D,A,R,L,F,T,D,L,N,G,K,K,E,Y,F,L,Y,S,L,L,E,E,L,R,D,R,I,F,F,L,F,L,K,G,Q,L,V,I,I,F,I,V,K,A,T,T,K,T,T,T,R,A,T,T,A,G
T,D,T,Y,Y,F,T,L,A,G,R,L,Y,R,G,A,F,V,L,I,N,G,K,A,A,K,I,E,E,L,R,I,S,Q,S,G,T,T,G,T,A,Q,V,F,I,R,A,R,D,I,F,D,G,R,T,F,F,L,Q,A,S,K,L,F,I,V,F,I,P,W,V,L,T,F,F,Y,K,V,V,W,I,M,P,H,E,D,E,S,Q,W,A,L,F,F,L,S,S,S,G,T,F,Y,D,L,L,H,T,D,K,E,E,L,W,K,R,I,L,W,T,Y,L,R,G,L,T,V,V,L,E,V,R,I,A,K,T,S,R,V,T,E,S,T,T,T,T
T,N,I,T,T,F,N,R,A,R,L,L,R,I,G,Q,F,I,S,I,G,G,N,T,A,K,I,I,W,F,Y,M,T,D,N,G,T,T,G,S,S,W,S,K,V,R,A,R,D,T,F,N,G,L,I,F,F,L,M,A,K,S,S,Y,F,V,L,I,S,F,V,Y,W,E,T,R,L,V,F,A,I,F,P,H,D,D,E,S,Q,N,K,R,L,L,L,T,Q,L,G,I,K,D,D,S,H,H,S,D,D,D,N,L,R,D,E,I,E,K,R,Y,K,W,G,W,L,V,S,V,V,I,E,V,A,Q,I,A,R,T,V,R,A,T,T,T,T
T,N,I,Q,T,F,N,D,A,K,N,L,T,V,G,D,Y,V,R,I,N,G,K,S,T,R,I,E,Y,L,Y,K,S,K,D,G,T,T,G,I,S,R,V,F,I,I,A,R,D,T,H,N,G,L,W,F,Q,R,E,A,E,G,D,R,F,T,L,V,P,W,V,Y,R,Y,E,F,K,V,L,K,I,V,P,H,D,D,E,S,K,L,A,K,L,I,L,N,D,D,G,D,S,Y,T,T,L,E,S,S,S,Q,D,T,Q,N,E,I,K,R,E,F,K,A,G,R,T,V,I,V,V,V,I,K,S,Q,T,S,R,V,L,Y,T,R,T,D,N
D,N,N,T,T,Y,N,K,A,K,K,L,R,I,G,W,F,S,T,I,N,G,L,T,T,R,I,T,E,L,R,I,S,Q,T,G,T,Q,G,I,S,F,V,W,V,K,A,T,D,I,F,Y,G,W,T,F,Y,F,V,A,P,G,E,Y,E,V,L,I,S,I,V,F,Y,Y,I,W,K,V,I,A,I,L,P,H,D,D,E,S,R,P,F,K,L,V,L,D,D,N,G,I,T,I,T,Q,L,E,S,L,D,D,N,L,D,K,L,I,R,L,L,Y,R,W,G,Y,E,V,F,V,T,V,T,V,A,G,L,K,T,V,T,R,A,F,I,G,G
T,N,I,Y,W,F,P,L,A,G,L,L,R,I,G,G,Y,I,H,I,N,G,K,A,T,E,I,K,Y,F,Y,V,S,E,T,G,D,N,G,I,E,W,A,F,V,I,S,R,D,I,F,Q,G,E,E,L,K,Y,R,A,K,H,D,L,W,V,W,I,P,I,L,Y,E,Y,K,Y,L,T,Q,Y,I,I,P,H,S,D,E,S,R,L,D,L,W,V,L,N,L,D,G,D,L,L,D,K,H,Y,S,S,R,D,E,E,K,D,E,A,E,K,K,Y,K,A,G,L,T,L,L,V,I,L,F,K,A,Q,Q,T,E,S,L,R,T,T,T,T,T
D,N,N,T,T,F,S,R,A,R,E,L,R,R,G,Q,Y,V,A,I,N,G,F,T,T,I,I,I,R,F,F,R,L,D,D,G,L,Y,G,I,A,I,V,F,I,K,A,K,D,S,H,D,G,R,T,F,F,L,A,A,P,G,D,Y,W,T,L,I,S,F,V,Y,F,Y,F,Y,K,V,K,R,I,I,P,H,D,D,E,S,Q,P,A,R,L,I,M,D,D,Q,G,R,F,L,K,Q,L,H,S,D,D,R,E,L,E,E,R,M,R,K,L,F,R,W,G,F,E,V,V,A,E,V,T,V,S,K,D,A,R,I,L,R,I,T,T,T,T
T,N,L,T,F,Y,T,L,S,G,L,L,R,I,G,Q,F,T,L,I,N,G,F,T,A,K,I,I,Y,F,Y,E,K,Q,N,G,Y,L,G,L,A,F,A,F,I,Q,A,I,A,I,F,Y,G,L,L,Y,K,L,Q,S,L,A,L,F,W,S,W,V,S,W,I,Y,E,Y,I,Y,E,M,I,K,I,I,P,H,D,D,E,S,K,P,R,I,F,V,L,D,N,N,G,R,V,F,W,Y,Q,H,S,E,D,E,N,L,R,E,F,I,E,T,L,F,K,A,G,L,K,V,F,V,I,I,V,V,A,S,T,S,R,V,T,K,A,F,T,D,N
T,N,Q,Q,W,F,P,F,A,R,Q,L,Q,Q,G,S,F,S,L,T,N,N,Q,T,T,I,V,T,W,I,W,M,S,K,N,G,T,T,G,T,A,R,V,R,I,K,S,T,D,M,F,N,G,L,T,H,W,E,E,A,W,H,D,Y,K,T,Y,T,S,W,V,L,V,F,F,R,K,V,Q,Y,I,Y,P,H,D,D,E,S,Y,R,S,F,L,L,L,D,D,Q,G,R,L,R,N,E,H,E,S,D,D,Q,N,H,E,D,D,S,K,K,K,F,E,W,G,L,T,V,I,V,E,L,R,K,A,N,T,E,R,A,T,R,S,T,T,D,N
W,W,F,Y,Y,Y,L,K,A,G,L,L,R,R,G,G,Y,V,L,I,N,G,E,S,T,I,I,V,R,L,E,I,S,K,N,G,T,T,G,T,A,K,V,T,I,R,A,R,K,D,H,D,G,K,D,F,F,M,T,A,K,S,T,F,K,T,A,I,A,W,V,F,V,Y,Y,Y,L,V,L,H,I,E,P,H,D,D,E,S,K,W,S,K,M,I,T,S,T,S,G,T,Q,K,D,Q,H,H,T,K,D,L,K,L,W,L,E,I,E,K,R,Y,K,A,G,L,L,V,R,V,V,V,V,R,S,S,E,E,H,I,E,F,A,T,T,S,T
T,N,I,T,T,F,S,R,A,G,N,L,R,K,G,D,F,I,V,I,N,N,R,T,A,R,I,E,E,Y,R,S,W,K,T,G,T,E,G,I,S,F,D,V,V,R,A,R,D,I,F,Q,G,R,W,F,F,Y,K,A,K,S,T,Y,Y,V,L,I,A,F,V,Y,Y,Y,V,F,T,L,F,Y,I,D,P,H,D,D,E,S,K,P,K,K,W,I,V,D,W,K,G,I,W,Y,T,T,F,H,S,S,D,D,E,L,R,R,K,A,E,R,F,F,K,W,G,L,L,V,V,L,V,F,T,K,A,D,R,I,E,A,T,R,V,T,T,T,T
F,N,I,H,F,F,T,K,S,R,L,L,R,Q,G,G,F,I,L,I,N,N,R,T,A,I,I,V,Y,L,Y,I,F,K,T,G,N,Y,G,L,S,W,V,F,V,I,A,V,D,S,H,R,G,L,V,L,T,H,R,S,L,G,E,A,W,S,Y,I,G,F,V,Y,F,Y,Y,R,K,V,Q,R,L,V,P,H,E,D,E,S,K,P,W,F,F,V,G,D,D,N,G,Q,L,Q,K,Q,E,T,S,D,D,D,N,H,E,Y,Y,I,K,L,L,W,W,L,G,L,T,V,V,I,V,I,E,K,S,D,T,S,R,V,T,R,A,T,T,T,T
T,N,R,T,D,F,S,F,A,G,R,F,R,V,G,G,F,V,K,I,G,G,R,T,T,K,I,T,W,L,Y,I,L,D,N,G,N,Y,G,L,R,W,V,F,I,R,A,R,D,T,H,D,G,R,W,F,Y,I,A,A,L,A,Y,Y,L,L,S,V,S,W,V,Y,V,Y,I,Y,K,V,L,R,I,V,P,H,D,D,E,S,Q,P,F,F,H,L,L,D,N,N,G,L,L,L,N,Q,I,Q,S,D,D,K,D,L,Q,I,K,I,H,L,L,F,K,A,G,L,A,V,Y,V,V,V,V,T,S,S,R,S,R,I,L,Y,A,F,T,N,N
F,N,I,Y,F,F,T,Y,A,K,R,L,R,Q,G,A,F,I,L,I,N,G,L,T,A,R,I,F,F,Q,W,R,S,Q,N,G,T,T,G,D,R,K,V,F,I,R,A,R,D,D,F,L,G,L,I,F,Q,L,K,A,S,G,D,Y,L,T,W,V,S,F,V,L,F,F,K,Y,R,V,L,K,I,E,P,H,D,D,E,S,K,P,A,K,L,F,L,D,W,N,G,Q,T,R,T,T,V,H,S,D,D,L,K,L,A,L,I,I,K,W,W,F,L,W,G,F,T,V,I,V,V,I,V,V,A,S,T,S,R,V,R,F,V,T,R,D,N
F,N,L,Q,W,F,G,K,A,G,L,L,R,I,G,S,F,V,L,I,N,N,R,A,A,R,I,I,D,L,W,I,S,E,T,G,T,N,G,Q,R,R,V,E,I,R,A,M,D,I,F,R,N,L,I,F,E,L,R,A,S,S,D,Y,I,T,W,I,P,W,V,L,V,Y,V,F,K,T,L,Y,I,L,P,H,D,D,E,S,Q,P,F,Q,H,H,E,T,S,D,G,L,K,K,H,Q,H,Y,S,E,D,K,R,H,Q,E,E,S,M,K,K,F,L,W,G,L,T,V,L,H,V,H,K,K,A,Q,E,E,R,S,E,R,T,S,T,D,N
D,N,D,Q,T,Y,D,L,A,G,A,S,R,Q,G,S,F,T,I,V,N,G,R,A,S,R,I,T,E,L,K,E,S,E,T,G,T,I,G,L,R,Y,V,W,I,K,S,E,D,I,H,R,G,E,T,H,Y,H,Q,A,P,K,L,H,W,L,L,H,P,F,V,L,V,F,W,W,T,V,L,K,I,V,P,A,E,D,E,N,K,P,Y,T,F,I,L,T,N,T,G,L,V,I,K,L,L,H,S,E,D,N,N,L,N,N,N,A,L,K,W,F,L,Q,G,L,T,V,W,L,E,V,R,V,A,S,E,S,R,T,E,R,A,S,T,G,G
T,N,I,T,A,F,D,Y,A,G,L,L,T,I,G,G,Y,I,K,I,N,N,K,A,A,K,I,V,R,R,Y,V,S,K,T,G,T,E,G,Y,K,R,V,K,V,W,A,R,D,M,F,K,G,E,L,M,F,L,E,A,K,A,L,Y,R,T,L,I,P,W,I,Y,E,Y,Q,F,F,V,R,Y,I,L,P,H,E,D,E,S,L,P,A,F,F,V,L,D,L,R,G,L,Y,W,T,Q,L,T,S,E,D,N,N,L,N,D,E,I,K,E,R,W,K,A,G,L,T,V,V,V,F,A,F,T,A,S,D,T,R,I,L,R,A,R,T,T,T
W,N,I,Q,T,F,T,K,A,G,L,L,R,L,G,A,F,V,D,I,G,G,Y,T,T,K,I,I,D,L,W,M,S,Q,S,G,N,Y,G,L,R,L,V,V,I,T,A,Q,D,I,H,N,G,L,T,Y,Y,L,K,A,W,H,S,Y,F,T,L,I,S,W,V,W,E,Y,K,R,K,V,V,A,I,F,P,H,D,D,E,S,Q,P,F,K,L,K,L,S,E,T,G,D,L,E,T,T,L,E,A,S,D,D,N,L,L,L,K,I,A,W,L,W,A,W,G,L,T,V,V,V,V,I,F,I,T,T,D,A,K,I,I,K,V,T,T,T,T
T,N,I,H,T,F,D,E,A,G,K,L,L,R,G,G,F,V,A,I,N,G,K,A,T,I,I,V,Y,L,W,V,S,V,T,G,D,N,G,I,A,K,V,F,I,E,A,L,D,S,H,N,G,D,T,L,R,L,E,A,K,E,K,Y,K,T,L,I,W,W,I,Y,F,Y,F,W,Y,V,Q,W,I,Y,P,H,E,D,Q,S,R,P,V,I,L,Y,L,D,L,N,G,D,L,R,T,E,M,H,S,S,N,D,N,L,R,D,E,I,R,N,R,F,Y,E,G,K,D,V,I,I,L,I,T,K,A,S,Q,E,S,V,T,R,V,T,T,S,G
T,N,I,Q,Y,F,L,K,A,G,L,L,E,V,G,R,F,I,L,I,N,G,E,A,A,K,I,H,Y,L,Y,Q,S,G,G,G,T,N,G,D,S,F,V,F,V,I,A,R,D,I,F,H,G,R,W,H,Y,H,R,A,K,E,K,Y,F,V,A,I,P,F,V,W,V,Y,R,W,L,V,Y,A,I,V,P,H,D,D,E,S,K,L,A,L,L,F,L,D,E,Q,G,K,M,R,N,V,L,F,S,E,Q,E,S,L,L,R,E,I,K,E,R,F,K,A,G,L,L,V,K,V,E,V,K,K,A,G,R,E,R,V,T,K,A,T,T,T,T
T,N,L,T,T,F,L,Y,A,G,A,L,V,K,G,D,F,V,R,I,N,G,K,A,T,I,I,I,W,L,W,I,R,K,G,G,T,T,G,T,T,W,V,F,I,I,A,R,D,M,F,E,G,K,I,F,Y,L,T,A,K,S,T,Y,F,T,L,I,A,W,V,W,E,Y,K,Y,Y,L,F,R,I,I,P,H,E,D,E,S,K,P,S,Y,L,V,T,T,Q,N,G,D,Y,A,T,I,F,T,S,K,D,K,W,E,Q,I,Q,V,K,L,L,F,L,F,G,Y,T,V,I,L,I,F,F,K,A,S,T,T,R,A,L,K,F,T,T,S,G
F,N,L,W,F,F,L,L,A,E,Q,L,R,I,G,Q,W,V,L,I,N,N,K,A,A,I,I,T,E,F,R,R,S,V,N,G,Q,Y,G,L,V,Y,V,K,I,R,A,R,D,A,F,N,G,E,W,H,E,M,T,A,H,K,E,Q,W,T,K,I,P,F,V,Y,V,Y,F,Y,Y,V,Y,Y,I,Y,P,H,S,D,E,S,R,P,Y,I,L,Y,L,D,L,N,G,Y,Y,V,T,Q,I,K,S,S,D,D,D,L,N,N,K,I,W,L,L,W,E,L,G,Y,D,V,I,V,E,V,R,V,A,S,T,S,R,I,H,R,S,T,T,S,G
T,N,I,K,Y,F,T,K,A,E,L,L,Q,I,G,D,F,S,L,I,N,N,K,T,T,I,I,V,R,F,R,R,S,Q,N,G,T,T,G,D,S,K,V,Y,I,T,S,V,D,S,F,E,G,E,V,L,Y,L,R,A,S,S,S,Y,F,T,F,I,S,W,V,L,R,Y,E,R,L,V,L,A,I,V,P,H,D,D,E,S,Q,P,A,K,L,I,L,D,L,N,G,D,T,E,F,Y,H,H,T,E,D,D,S,L,E,L,K,I,K,L,L,F,W,Y,G,L,T,V,K,V,F,L,E,T,T,E,T,T,R,T,S,R,V,T,T,T,T
D,N,Q,F,F,F,W,R,A,G,W,L,Q,L,G,A,F,S,L,I,N,N,R,T,T,K,V,I,Y,L,E,I,K,K,T,G,T,T,G,E,A,E,V,R,I,F,A,L,D,I,H,H,G,E,L,L,E,M,E,A,R,K,E,E,W,T,K,I,S,W,V,Y,Y,Y,Y,Y,I,V,L,A,I,I,P,H,D,D,E,S,E,W,Y,K,F,V,L,D,N,R,G,D,L,T,T,S,I,R,S,E,D,K,E,L,N,E,K,I,L,K,L,F,W,W,G,L,I,V,V,L,V,V,V,T,A,S,D,S,R,V,R,Y,S,T,T,L,G
F,N,I,Q,W,F,N,K,A,G,S,L,R,V,G,S,F,V,L,I,N,G,K,T,T,K,V,I,I,L,R,M,T,D,N,G,T,N,G,L,R,F,V,F,I,I,A,L,D,T,F,N,G,E,T,H,Y,Y,K,A,H,A,T,F,W,V,W,I,G,W,V,Q,V,Y,V,R,Y,V,V,A,I,I,P,H,D,D,E,N,K,S,S,K,H,V,L,S,S,S,G,S,Y,T,D,N,Y,E,S,D,D,E,E,L,Q,R,K,I,K,F,M,F,L,Q,G,L,L,V,F,V,Y,I,F,R,S,Q,T,A,K,I,L,K,A,S,T,G,T
Y,N,L,Q,T,F,N,K,A,G,W,L,R,R,G,R,F,V,S,I,N,G,Q,T,A,Q,I,V,R,L,E,V,S,Q,G,G,N,N,G,I,A,W,V,K,I,W,A,L,D,F,F,D,G,R,L,F,F,L,E,A,R,S,D,H,W,L,L,I,S,F,V,Y,V,Y,F,F,L,V,I,R,I,Y,P,H,D,D,E,S,R,P,S,F,L,F,L,D,N,R,G,E,Y,R,F,T,L,T,S,E,D,D,D,L,Q,N,K,I,E,Y,L,F,K,L,G,L,T,V,R,V,T,V,V,R,A,S,T,S,R,I,I,F,V,T,T,T,T
T,N,I,F,W,F,P,L,A,G,A,L,R,I,G,G,Y,V,L,I,N,G,K,A,A,R,I,V,W,L,Y,I,S,K,N,G,N,N,N,D,S,W,V,F,I,K,A,I,D,T,F,E,G,K,T,F,F,L,V,R,K,A,T,Q,F,T,W,I,P,I,H,W,L,Y,Q,W,K,T,I,A,I,I,P,A,D,D,E,N,K,P,F,Y,H,I,H,D,E,Q,G,I,T,K,T,Q,H,T,S,L,K,Q,E,H,N,L,E,S,L,W,R,F,L,A,G,L,T,V,V,E,F,H,F,K,A,L,K,E,Y,S,L,R,S,T,T,T,T
T,N,I,Y,F,F,K,Y,S,G,R,L,R,R,G,W,Y,V,A,I,N,G,K,A,A,I,I,V,W,W,W,R,S,Q,N,G,K,Y,G,L,R,W,V,F,I,I,A,I,D,S,F,N,G,E,E,H,K,L,V,S,L,A,L,Y,L,S,W,I,P,I,V,F,L,F,T,Y,K,V,I,K,I,E,P,H,D,D,E,S,R,W,P,K,L,Y,L,D,D,N,G,V,T,I,F,Q,L,K,S,D,D,A,N,L,Q,D,K,I,K,R,D,Y,W,N,G,L,D,V,R,L,F,V,T,K,A,T,I,E,R,V,T,R,L,T,T,T,T
T,N,V,W,F,F,L,R,A,L,L,L,R,R,G,G,F,S,L,I,N,G,K,T,T,K,I,T,R,L,Y,V,T,K,N,G,T,N,N,L,A,F,V,F,I,W,S,R,D,I,F,D,G,E,M,H,H,S,M,Y,A,K,L,F,Y,T,K,I,S,W,I,Y,L,Y,V,W,K,V,L,Y,I,L,P,H,E,D,E,S,E,D,F,W,F,V,L,D,D,N,G,N,Y,L,F,L,Q,R,S,D,D,E,N,L,R,R,E,I,I,W,R,F,L,S,G,L,T,L,K,V,Y,I,F,I,A,S,I,A,R,I,I,L,V,S,T,G,T
T,N,I,N,T,F,P,K,A,G,A,L,L,I,G,G,Y,V,R,I,N,G,K,A,A,K,I,I,W,L,Y,I,T,T,T,G,R,Y,G,L,A,W,V,Y,I,K,A,R,D,I,F,D,G,L,I,F,F,L,R,A,L,S,T,Y,F,V,L,V,P,F,V,Y,V,E,K,R,Y,V,L,A,V,I,P,H,D,I,E,Q,Q,P,W,Q,L,V,T,T,L,T,G,D,T,D,T,S,E,Y,S,E,D,D,D,H,E,L,R,T,W,L,R,Y,W,W,G,W,L,V,I,L,I,F,V,K,A,K,E,K,R,A,T,K,A,T,T,S,T
F,N,I,Q,F,F,L,K,A,R,L,L,I,R,G,G,W,I,L,V,N,G,K,A,T,I,I,V,Y,L,Q,I,T,T,T,G,N,Y,G,I,K,L,V,F,V,I,S,L,D,S,H,N,G,E,E,F,K,A,Y,A,W,G,E,Y,W,V,R,I,P,W,I,W,Y,Y,W,Y,Y,V,F,W,I,Y,P,H,D,D,E,S,R,P,Y,F,Y,Y,L,D,N,N,G,Y,L,I,T,L,L,E,S,S,D,D,D,L,N,K,E,S,L,W,K,F,W,W,G,L,K,V,I,V,L,V,T,K,S,D,D,A,E,I,E,R,T,T,T,L,T
T,N,V,Q,W,F,L,L,A,R,R,L,Q,R,G,G,Y,S,L,I,G,G,L,T,T,I,I,T,K,F,K,F,W,Q,N,G,T,N,N,D,S,Y,A,W,I,N,A,R,D,S,F,Y,G,W,E,F,K,M,M,A,S,G,D,Y,W,V,W,I,A,W,I,L,V,F,V,Y,A,V,L,R,I,I,P,H,D,D,E,S,R,P,F,F,L,I,T,T,D,L,G,L,K,Y,Q,Q,Y,E,S,E,D,L,E,H,H,L,R,M,L,L,F,F,F,W,G,Y,T,V,L,L,V,F,V,S,A,Q,I,S,R,A,I,Y,A,T,L,S,G
T,N,L,N,F,F,T,K,A,R,L,L,L,V,G,G,W,I,L,I,N,G,L,T,A,I,I,I,Y,L,Y,E,T,K,N,G,N,Y,G,I,S,W,V,F,I,K,A,L,D,S,F,D,G,R,L,F,Q,A,Y,F,K,G,E,Y,F,V,Y,I,S,W,V,Y,V,Y,V,W,A,V,Y,Y,I,E,P,H,D,D,Q,S,R,P,A,K,L,L,L,D,N,N,G,D,L,I,Y,F,I,H,H,D,D,D,E,L,E,W,K,I,K,Y,L,F,A,E,G,L,T,V,L,V,V,V,V,V,A,A,I,S,R,V,I,Y,V,D,T,T,T
W,N,I,Q,Y,F,P,L,A,R,L,L,T,V,G,G,W,V,A,I,N,G,K,S,T,R,I,I,Y,L,W,I,S,Q,T,G,T,T,G,T,A,W,V,F,I,T,A,L,D,S,T,D,G,N,T,L,Y,L,M,A,K,G,D,Y,W,V,W,I,P,W,V,L,Y,Y,I,Y,I,V,L,K,I,D,P,H,D,D,E,N,H,R,S,T,L,F,L,D,N,N,G,V,Y,L,T,Q,L,H,S,E,N,D,D,E,N,D,R,I,K,Y,K,F,W,Q,G,L,L,V,I,V,Y,A,V,W,N,S,T,L,R,V,R,Y,S,D,T,S,G
T,N,I,Q,W,F,P,R,A,E,L,L,R,R,G,D,W,S,L,I,N,G,K,A,T,I,I,V,R,L,W,V,S,Q,N,G,N,Y,G,I,R,W,V,V,V,E,A,V,D,A,F,Q,G,L,L,F,K,M,V,A,K,A,N,Y,Y,V,W,I,P,F,V,Y,V,Y,W,Y,Y,V,F,K,L,I,P,H,D,D,Q,N,Q,P,S,Y,F,V,L,D,L,N,G,Y,L,T,T,D,L,T,S,S,R,E,E,L,K,W,W,V,E,Y,F,Y,R,A,G,Q,D,V,R,V,E,V,R,K,A,S,Q,S,E,V,E,R,V,D,L,S,T
T,N,V,T,F,F,W,R,A,G,E,L,L,Q,G,G,Y,S,K,I,N,G,R,T,T,E,I,K,Y,F,Y,I,S,Q,G,G,T,T,G,D,A,W,V,V,I,I,A,R,D,I,F,N,G,L,W,F,T,R,V,A,K,S,T,E,L,A,E,I,A,W,V,L,L,Y,I,F,F,V,F,R,I,I,P,H,D,D,E,S,Q,P,K,K,L,V,L,D,L,N,G,K,Y,Y,Y,Q,L,H,S,D,D,D,N,L,R,Q,D,I,E,D,K,Y,K,A,G,L,N,V,R,V,W,V,F,T,A,K,T,S,R,I,R,L,T,T,T,D,T
F,N,I,Q,W,F,P,R,S,G,L,L,V,R,G,G,F,A,R,I,G,N,L,A,T,K,I,V,R,F,Y,S,S,Q,N,G,T,T,G,L,S,Y,D,Y,I,W,S,I,D,T,F,Q,G,L,L,F,F,A,W,F,P,S,L,Y,Y,T,F,I,P,I,T,L,Y,Y,F,Y,H,V,Y,A,I,I,P,H,D,D,E,S,Q,P,E,H,K,V,L,D,D,N,G,K,R,T,T,D,L,E,S,S,D,Q,D,L,E,K,D,A,K,L,K,Y,W,W,G,Y,T,L,R,L,I,V,M,V,A,S,T,A,R,V,T,R,S,T,T,T,T
T,D,Q,R,Y,F,L,Y,A,G,Q,L,R,I,G,G,F,A,A,I,N,G,K,A,T,R,I,Q,F,F,W,R,S,K,T,G,D,N,G,I,V,W,T,W,I,I,S,R,D,I,F,D,G,K,W,Y,K,F,K,A,K,A,L,Y,F,T,W,I,P,F,V,Y,V,Y,R,Y,Y,L,Y,E,I,V,P,H,D,D,E,S,Q,R,S,H,L,K,I,D,N,N,G,R,H,F,D,I,F,E,S,E,D,L,S,L,E,L,F,I,K,W,K,F,W,A,G,Q,S,V,L,L,F,F,V,A,A,T,R,V,R,A,L,R,A,R,S,S,G
T,N,L,E,F,F,K,L,A,E,N,L,E,R,G,K,F,A,R,I,N,G,E,S,T,R,V,E,F,L,Y,I,Y,D,N,G,N,N,G,I,K,K,V,H,I,I,S,R,D,S,H,D,G,R,W,R,K,W,Q,A,L,G,L,Y,K,T,Y,I,P,F,V,Y,F,Y,F,W,L,V,L,W,I,Y,P,H,D,D,E,N,R,P,S,F,L,Y,L,T,L,Q,G,Q,K,M,D,L,L,M,S,E,D,E,S,L,E,K,E,I,K,W,R,F,L,W,G,Y,T,V,K,V,E,V,E,V,S,S,R,S,R,V,T,R,I,T,T,T,T
T,N,V,Y,F,F,L,L,A,D,A,L,R,V,G,G,F,V,L,I,G,G,R,T,A,R,I,T,Y,L,L,I,S,D,N,G,T,T,G,S,A,L,V,F,I,K,A,V,E,I,F,E,G,R,T,F,F,Y,T,A,H,A,S,F,K,T,K,I,G,F,V,L,S,E,F,R,K,V,Y,A,I,I,P,H,D,D,E,S,Q,W,F,K,L,V,I,D,D,N,G,D,Y,E,T,K,Q,T,S,Q,D,Q,Q,H,W,W,L,A,W,Y,L,F,Y,W,G,L,V,V,I,L,D,F,V,K,S,K,E,K,R,A,L,R,A,H,T,S,G
F,N,I,T,F,F,T,K,A,E,N,L,R,V,G,W,Y,I,L,I,N,G,Q,S,A,R,I,V,R,L,R,I,S,K,N,G,N,N,G,D,I,K,V,E,V,F,A,L,K,M,H,D,G,K,L,F,Q,Y,T,A,A,G,N,H,F,V,W,I,P,F,V,Y,V,Y,V,F,K,V,L,A,I,I,P,H,E,D,E,S,Y,S,K,Y,L,I,L,A,E,Q,G,Y,L,L,T,Q,L,M,S,K,Q,K,S,L,E,I,L,I,E,L,L,F,K,W,G,L,T,V,K,V,Y,V,E,I,S,E,E,M,R,V,T,R,T,S,T,D,N
T,N,I,Q,F,F,W,L,A,S,L,L,R,I,G,S,F,I,A,I,N,G,E,A,T,R,I,E,R,L,R,H,L,K,N,G,T,N,N,Q,A,L,T,E,V,V,A,R,D,E,F,K,G,L,W,H,K,R,K,A,H,G,S,H,K,T,L,I,P,F,V,Y,K,Y,K,Y,I,V,Q,A,I,V,P,H,D,D,E,S,K,L,K,Q,L,F,L,D,D,K,G,L,L,L,Q,Q,Q,H,T,E,D,D,D,L,F,W,K,I,E,Y,L,F,K,A,G,Q,T,V,E,V,L,V,E,I,A,S,I,S,R,I,T,R,A,R,T,G,T
T,N,Q,T,S,F,P,L,A,G,A,L,Q,Q,G,A,F,V,R,I,N,G,K,A,A,R,I,Q,R,L,R,I,S,K,N,G,N,Y,G,I,T,W,V,V,I,Y,A,K,D,I,F,K,G,E,L,L,V,R,V,A,K,A,L,H,W,E,L,I,P,W,V,Y,R,Y,F,W,I,L,V,D,I,I,P,H,D,I,E,Q,Y,P,K,Y,L,I,L,M,S,L,G,I,Y,I,D,N,L,E,S,E,D,E,E,L,N,R,K,T,E,Y,K,F,K,W,G,L,T,V,V,L,T,T,E,K,A,S,T,T,R,V,V,R,S,T,T,T,T
T,N,I,Y,Y,F,W,R,A,G,E,L,Y,V,G,S,F,S,L,I,N,N,R,A,T,I,V,I,R,F,E,M,S,K,T,G,N,N,G,R,A,K,V,F,I,V,A,M,D,S,F,K,G,L,I,F,Y,Q,T,A,Y,H,D,Y,W,T,A,I,P,W,V,Y,Y,Y,I,Y,A,T,Y,R,I,I,P,H,D,D,E,S,R,W,S,K,L,V,L,D,N,N,G,I,Y,I,T,E,L,K,S,E,D,Q,E,L,Q,R,K,I,E,Y,L,F,K,K,G,L,T,V,F,V,V,V,V,K,A,S,T,E,R,V,I,F,V,F,T,G,G
T,N,L,N,F,F,T,L,A,G,L,L,R,I,G,G,Y,I,R,I,G,G,L,S,T,I,I,I,W,L,W,I,S,Q,N,G,T,T,G,F,S,L,V,V,I,E,A,R,D,E,H,Y,G,W,T,H,R,Y,T,A,D,S,T,A,W,V,Y,I,A,W,V,Y,L,Y,E,F,E,V,L,Y,I,D,P,H,D,D,E,S,Q,P,S,Y,L,L,L,D,N,N,G,N,T,T,D,T,L,T,S,L,D,K,S,L,E,E,K,I,K,L,L,W,K,L,G,Y,T,V,K,V,Y,V,V,K,S,S,I,M,S,I,T,M,V,S,T,T,T
W,N,I,Q,Y,F,F,Y,A,G,R,L,R,Q,G,G,W,V,A,I,N,G,K,T,A,I,I,W,R,L,W,I,S,Q,N,G,T,T,G,D,A,V,V,F,I,W,A,W,D,S,T,S,G,D,L,Y,H,M,T,R,S,S,T,Y,R,V,L,I,S,W,V,W,V,Y,F,R,S,L,Y,R,I,I,P,H,E,D,E,S,K,W,F,M,F,L,T,D,N,D,G,K,Y,F,W,Y,L,Y,S,S,D,E,E,L,F,R,E,I,L,L,K,F,L,W,G,L,D,V,V,I,V,I,V,K,A,S,T,E,T,V,T,R,A,T,T,T,T
T,N,I,Q,F,F,T,K,A,K,E,L,I,L,G,A,F,V,L,I,N,G,Q,T,T,I,I,T,Y,L,W,I,S,K,S,G,T,L,G,I,S,R,V,F,I,I,A,T,D,M,F,N,G,L,T,F,Q,L,E,A,E,G,E,R,F,T,W,V,A,F,V,Y,T,Y,A,W,I,T,L,Y,I,Y,P,A,E,D,E,S,K,P,Y,R,F,F,L,D,L,N,G,D,L,K,S,Q,M,H,T,E,D,L,D,Q,L,L,R,M,W,L,I,W,M,W,G,L,T,L,V,V,Y,V,F,K,A,S,R,E,R,I,I,L,S,S,T,T,T
F,N,L,Y,F,F,T,R,A,E,R,L,R,R,G,D,F,V,L,I,N,G,K,T,A,I,I,V,W,L,W,I,S,Q,N,G,N,R,G,T,A,K,V,F,I,I,A,R,R,S,F,R,G,E,T,M,V,L,T,A,W,G,L,Y,Y,T,Y,I,S,W,V,L,L,F,I,W,R,L,F,R,I,F,P,A,E,D,E,S,K,L,F,Y,L,K,L,D,D,Q,G,V,F,I,T,L,L,E,S,E,D,L,E,L,A,R,K,I,L,Y,L,F,L,R,G,L,T,V,Y,V,L,V,M,V,A,G,D,A,R,I,V,R,A,F,T,G,G
K,N,I,N,F,F,T,F,A,G,R,L,R,I,G,G,W,V,I,I,N,G,E,A,T,I,I,I,R,L,Q,M,L,D,T,G,N,Y,G,I,S,L,V,I,I,W,S,R,K,S,F,D,G,K,L,F,Q,R,K,A,A,S,T,E,F,V,W,I,P,W,V,Y,R,Y,W,F,K,V,Y,A,I,I,P,H,D,D,E,S,Q,W,S,F,L,V,L,D,D,K,G,D,W,I,T,N,H,E,S,K,D,L,E,L,H,L,K,I,K,F,L,F,F,L,G,L,T,V,I,V,E,V,E,R,A,K,Q,E,M,T,T,R,V,T,T,G,T
F,N,I,T,A,F,N,R,A,G,W,L,R,R,G,G,W,A,L,I,N,G,K,T,T,I,V,I,R,L,V,I,S,D,D,G,T,E,G,K,A,K,V,F,I,V,A,R,D,S,T,D,G,E,I,L,K,M,K,A,Y,W,F,M,W,V,W,I,G,F,V,Y,V,Y,A,Y,K,V,F,Y,I,E,P,A,D,D,Q,S,R,D,Y,K,H,L,L,D,N,N,G,L,F,T,T,D,L,E,S,S,D,D,N,L,Q,L,E,I,L,L,R,W,L,W,G,L,T,V,I,V,F,V,E,Y,A,T,V,M,T,I,T,R,A,T,T,D,N
D,N,Q,E,F,F,W,K,A,K,L,L,R,I,G,A,F,S,R,I,N,G,K,E,T,I,I,V,Y,L,W,V,S,Q,G,G,N,Y,G,I,A,W,V,F,I,I,S,R,D,M,F,E,G,K,E,F,K,Y,L,A,K,K,E,Y,W,T,K,I,P,W,I,Y,Y,Y,E,Y,L,V,L,R,I,V,P,H,E,I,E,D,F,P,F,R,F,V,L,D,E,N,G,Y,K,I,D,Q,L,H,S,S,D,D,N,L,N,N,K,I,E,E,R,F,K,K,G,E,T,V,K,V,V,V,A,F,G,K,K,A,K,I,L,F,A,T,T,T,G
W,N,I,Y,F,F,T,F,A,G,R,L,R,I,G,R,Y,V,L,I,N,G,Q,T,A,I,I,V,Y,L,Y,I,T,Q,N,G,T,L,G,I,A,L,V,I,I,V,A,R,D,S,F,K,G,R,V,F,Q,R,K,A,W,A,Y,L,L,V,W,I,G,W,V,Y,Q,Y,E,Y,L,V,F,Y,I,Y,P,H,D,D,E,S,Q,N,F,W,F,V,I,S,L,N,G,I,Q,F,T,Q,M,E,S,D,D,D,D,L,L,Y,L,I,L,L,F,W,L,Q,G,L,L,V,R,L,H,F,F,R,A,S,T,K,R,T,L,Y,T,S,T,T,G
W,W,W,D,S,Y,F,K,A,G,L,L,F,Q,G,A,F,V,D,I,N,G,Q,A,T,L,I,M,R,L,Y,I,K,E,T,G,N,Y,G,K,R,E,V,I,I,I,A,L,H,M,H,Y,G,W,V,F,K,L,K,A,L,A,E,Y,F,L,R,I,P,F,V,Y,T,Y,R,Y,K,V,Q,A,I,I,P,H,E,D,E,S,R,P,A,F,L,I,V,D,E,N,G,D,L,S,D,T,E,T,S,S,Q,E,S,R,N,R,R,M,L,A,W,F,L,W,G,L,L,V,E,L,Y,F,F,R,A,K,T,K,R,M,L,R,A,S,T,T,T
D,D,D,T,S,Y,P,R,A,E,E,L,R,I,G,D,Y,S,D,T,N,G,K,T,T,K,I,R,R,F,L,Q,L,K,G,G,Q,Y,G,D,S,F,V,W,V,L,S,L,D,M,F,E,G,T,W,F,T,E,S,A,S,G,T,Y,F,V,L,I,S,W,V,L,Y,F,A,K,Q,L,Y,R,I,I,P,H,D,F,E,Y,R,P,F,R,L,L,T,D,L,N,G,D,K,D,D,S,E,H,S,L,D,K,D,E,L,L,R,I,I,L,L,F,L,L,G,Y,T,V,W,T,L,F,M,K,A,G,R,K,S,S,T,R,T,F,T,S,G
F,N,I,H,Y,Y,T,K,S,R,L,L,R,Q,G,A,F,V,A,I,N,G,K,A,A,M,I,I,R,L,E,I,Q,Q,G,G,T,T,G,L,V,F,V,F,V,V,A,R,D,M,F,N,G,E,I,H,Y,M,R,S,P,G,D,Y,F,S,Y,I,P,W,V,Y,F,Y,V,W,K,L,L,A,Q,V,P,H,D,D,E,S,Q,P,S,Y,L,L,L,D,D,N,G,Q,S,L,T,E,L,R,S,D,D,K,D,L,N,L,E,I,K,W,R,W,L,R,G,Y,V,V,R,V,F,V,T,V,A,D,T,A,K,V,I,F,T,T,T,T,T
W,Y,F,Y,T,F,T,Y,A,G,R,L,Y,I,G,K,F,V,A,I,N,G,K,T,A,I,I,V,R,L,Y,I,F,T,T,G,T,T,G,D,A,F,V,F,I,V,A,I,D,S,H,N,G,E,V,H,Q,M,M,R,S,K,K,H,F,T,L,I,S,W,V,W,V,Y,F,Y,L,V,Q,Y,I,Y,P,H,D,D,E,S,R,P,S,F,F,L,T,D,N,N,G,K,L,Y,W,Y,L,E,S,D,D,D,D,L,E,D,D,I,K,E,R,F,K,R,G,L,T,V,K,I,V,V,V,R,S,D,T,A,R,I,E,Y,A,T,T,T,T
T,N,I,Q,Y,F,L,R,A,G,R,L,Y,R,G,G,Y,V,L,I,N,G,E,A,A,L,I,T,W,L,Y,I,T,Q,T,G,D,N,G,I,A,W,V,F,I,K,A,R,D,T,F,K,G,R,T,H,K,M,T,A,K,S,T,Y,F,V,A,I,A,I,H,F,Y,F,V,W,K,M,Q,A,I,I,P,H,D,D,E,S,Q,P,F,L,F,I,L,D,D,N,G,R,Y,I,T,T,M,H,S,D,D,D,D,L,A,K,L,M,L,W,W,W,L,W,G,L,T,V,R,V,V,I,E,K,A,N,E,E,R,I,T,R,A,T,T,E,T
T,N,L,Y,F,Y,L,R,A,G,E,L,R,Q,G,G,F,I,L,I,N,G,K,T,A,R,I,Q,Y,L,L,I,L,D,N,G,T,R,N,R,R,L,V,I,V,K,A,K,D,M,F,D,G,K,T,F,Y,L,K,A,F,Y,W,Y,W,V,K,I,A,F,V,K,L,K,A,F,F,V,L,W,I,K,P,H,E,D,E,S,K,P,R,Q,L,F,L,T,L,L,G,I,K,I,D,Q,L,H,S,S,D,L,S,L,N,L,D,I,E,Y,K,F,K,L,G,L,A,V,I,V,F,I,F,E,A,T,I,S,R,A,L,R,S,T,T,D,N
W,N,I,F,F,F,N,K,A,G,Q,L,T,I,G,D,F,V,A,I,N,N,Q,T,T,R,I,V,R,L,Y,M,S,G,T,G,T,T,G,L,I,I,V,F,I,E,A,V,D,S,H,N,G,Q,T,H,R,M,A,A,A,H,Q,Y,F,T,W,I,S,W,V,Y,K,K,Y,R,K,V,L,D,I,V,P,H,D,I,Q,N,Q,L,Y,L,H,I,T,S,D,S,G,D,K,E,T,T,T,F,S,S,D,K,E,L,Q,L,K,I,L,W,W,W,L,W,G,L,T,V,I,L,V,Y,T,T,S,G,T,T,R,A,L,F,A,T,T,S,T
D,N,D,D,F,Y,L,K,A,E,K,L,T,I,G,G,Y,V,K,I,N,N,R,T,T,R,I,T,Y,F,W,L,S,Q,N,G,T,N,G,E,A,L,A,V,I,E,A,R,H,I,F,E,G,K,T,L,Y,A,K,A,K,R,Y,Y,F,T,E,I,S,W,V,W,T,F,T,Y,K,L,V,K,M,I,P,A,Q,D,E,S,L,L,K,K,L,I,T,D,E,N,G,D,L,L,D,K,L,H,S,E,D,D,N,L,N,D,L,I,E,A,F,F,R,Y,G,Y,D,V,K,I,Y,V,F,M,A,S,D,I,R,V,I,L,T,S,T,D,N
T,N,I,Y,F,F,N,R,A,G,E,L,R,V,G,D,Y,I,A,I,N,G,Y,S,A,K,I,V,F,L,W,I,S,K,N,G,T,N,N,Q,A,Y,V,F,I,I,A,V,D,V,F,Q,G,L,W,Y,Y,Y,Q,A,H,R,E,Y,F,T,L,I,P,W,I,Y,M,Y,M,F,K,V,L,A,I,Y,P,H,D,D,E,S,K,D,R,W,L,L,L,D,L,N,G,Q,L,I,R,Y,V,G,S,N,D,D,N,L,R,E,E,I,E,R,R,Y,R,W,G,L,T,V,I,V,F,I,K,R,S,S,T,S,R,V,V,R,T,T,T,S,G
D,N,L,Y,F,F,W,Y,A,K,R,L,R,K,G,G,F,I,H,V,N,G,K,T,T,I,I,V,W,I,W,V,S,Q,G,G,T,N,G,Q,A,Y,V,V,I,K,S,V,D,S,F,N,G,E,E,H,W,F,K,A,H,A,E,K,R,V,K,I,S,W,V,W,R,Y,M,Y,K,V,F,K,I,E,P,H,N,D,Q,S,K,P,K,F,F,Y,L,D,D,N,G,D,W,I,D,K,M,E,S,S,D,Q,E,L,E,E,K,I,D,R,K,F,N,A,G,T,T,V,R,L,L,L,E,K,A,N,H,K,E,V,V,R,A,T,T,S,T
W,N,I,N,F,F,L,K,A,G,L,L,R,I,G,A,Y,S,K,I,N,N,E,A,T,K,I,V,R,F,Y,M,S,K,D,G,T,T,G,D,S,K,V,R,I,R,S,R,K,I,Y,E,G,K,S,F,W,M,E,A,E,S,T,R,F,T,K,V,P,F,V,L,E,Y,E,Y,K,V,Q,A,I,F,P,H,D,D,E,S,Q,P,M,F,F,K,I,D,E,R,G,I,T,S,T,N,Q,T,S,K,D,D,N,L,R,L,L,I,Y,L,W,F,M,W,G,W,D,V,R,L,F,F,F,T,A,S,T,T,R,A,L,K,A,T,T,S,T
T,N,D,Q,T,F,L,Y,A,G,L,L,I,I,G,G,Y,I,S,I,N,G,K,T,A,I,I,V,E,L,R,I,S,Q,N,G,Q,N,G,I,A,Y,V,W,V,K,A,I,D,S,H,N,G,E,T,H,F,R,K,A,A,H,L,R,L,E,K,I,S,W,V,Y,V,Y,E,Y,L,V,Y,A,I,I,P,H,D,D,E,S,R,P,S,W,K,V,L,D,N,N,G,V,W,I,T,Q,L,T,S,D,D,E,S,L,E,K,L,I,K,W,L,Y,W,F,G,L,T,V,R,V,I,V,V,K,A,S,T,E,R,I,H,Y,A,T,T,T,T
T,N,V,Y,Y,Y,N,R,S,A,E,L,R,Q,G,R,Y,V,L,I,N,G,K,T,A,I,I,V,W,L,W,I,S,E,G,G,D,N,G,D,Q,K,V,K,I,K,A,L,D,M,F,D,G,K,F,H,F,L,E,A,S,G,T,Y,Y,T,W,V,A,W,V,Y,H,Y,T,Y,Y,V,I,A,L,V,P,H,E,D,E,S,R,E,W,F,E,I,R,D,L,Q,G,K,K,D,D,N,H,R,S,S,D,K,D,L,N,L,R,I,W,K,W,F,L,A,G,L,T,V,R,T,H,D,F,V,A,S,I,S,R,V,L,L,A,T,T,D,N
T,N,I,T,Y,Y,T,L,A,G,L,H,H,V,G,D,F,T,L,I,G,G,Q,A,T,K,I,T,W,W,W,I,S,K,F,G,Q,Q,G,Y,A,R,S,F,I,R,A,V,D,I,F,N,G,L,D,F,Q,R,T,A,F,H,Y,H,W,T,W,I,P,W,V,Y,V,R,F,F,K,V,Q,A,I,F,P,A,Q,D,E,S,K,P,K,Q,F,L,I,R,E,Q,G,Y,L,R,N,Q,V,H,S,D,D,D,N,L,R,D,D,I,E,K,W,F,K,W,G,W,T,V,I,L,E,F,V,T,A,S,T,T,R,T,T,R,L,Y,R,D,N
D,N,Q,Q,T,F,N,R,A,E,L,L,R,R,G,A,Y,I,M,I,N,N,R,T,T,M,I,I,D,F,W,S,S,Q,N,G,T,D,G,R,S,R,V,F,V,T,A,R,D,T,F,D,G,R,I,F,Y,Y,A,A,W,R,H,Y,Y,V,L,I,S,F,V,W,V,E,V,F,W,V,I,D,I,V,P,H,D,D,E,S,Q,P,S,R,W,L,T,D,N,K,G,I,W,K,D,Q,H,H,S,D,D,D,E,L,S,D,K,I,K,K,W,Y,K,A,G,R,M,V,F,T,Y,H,V,K,A,S,R,E,R,A,I,F,A,S,D,G,N
T,N,V,Y,Y,F,P,R,A,G,E,L,Y,L,G,A,F,I,L,I,N,G,E,S,A,E,I,F,L,L,W,I,S,Q,G,G,T,N,G,Q,E,V,V,F,V,W,A,L,D,T,K,K,G,R,L,H,T,F,T,A,H,K,E,Y,F,V,W,I,S,W,V,Y,R,Y,V,Y,R,V,E,Y,I,F,P,H,D,D,K,N,Q,P,A,L,H,V,I,D,Q,K,G,L,L,E,T,R,M,F,S,D,D,D,D,E,Q,K,I,A,E,E,W,F,K,R,G,L,D,V,F,L,V,Y,E,K,S,S,R,L,W,S,R,F,V,T,T,S,G
K,N,K,T,T,Y,N,L,S,G,R,L,R,V,G,G,F,S,V,S,H,N,R,T,T,K,I,I,Y,L,W,I,S,D,S,G,Q,Y,G,F,S,Y,V,F,V,I,S,K,D,D,R,E,G,R,I,F,K,S,I,S,H,S,S,Y,F,S,L,I,S,W,V,Y,L,Y,A,W,L,V,L,F,I,Y,P,H,E,D,E,S,Y,P,R,F,F,V,L,D,K,N,G,V,L,L,T,L,L,M,S,S,K,E,E,L,N,K,E,I,E,L,R,F,K,W,G,Y,L,V,K,V,Y,V,F,K,H,K,D,M,H,V,R,K,A,T,T,T,T
W,N,I,T,F,F,T,L,A,G,L,L,R,R,G,G,Y,V,R,I,N,G,K,T,A,R,I,T,E,L,Y,I,L,K,N,G,N,Y,G,L,A,I,V,I,I,K,A,V,D,I,F,N,G,D,E,L,K,M,K,A,W,A,Y,Y,W,T,F,I,S,W,V,E,T,Y,Q,Y,Y,V,Q,A,I,I,P,H,D,D,E,S,R,P,F,K,L,V,T,D,D,Q,G,I,F,Y,T,N,H,Y,S,E,D,K,D,L,N,E,R,I,R,R,E,Y,W,W,G,L,D,V,I,L,I,H,I,K,A,T,I,E,R,T,V,F,A,T,T,S,G
T,N,V,R,Y,F,D,R,A,G,E,V,R,K,G,G,R,V,A,I,N,G,K,A,A,E,V,V,E,F,Y,M,T,K,T,G,T,T,G,I,A,I,V,F,I,K,A,T,H,E,H,N,G,E,T,H,K,M,T,A,L,A,L,Y,W,I,L,Q,P,I,E,L,V,Y,T,Y,Y,V,Y,Y,I,Y,P,H,D,D,E,S,R,P,Y,Y,M,F,L,D,S,S,G,D,W,T,D,T,L,E,S,S,D,Q,N,R,H,Q,A,I,L,L,L,W,L,W,G,Y,N,V,L,V,F,V,R,E,S,D,D,K,R,I,E,R,F,R,T,D,G
F,N,I,Q,F,F,N,K,A,R,L,L,R,R,G,G,F,V,A,I,N,N,R,A,A,M,I,I,R,F,W,Q,S,K,T,G,T,L,G,I,S,F,V,F,I,R,A,R,D,T,K,R,G,L,T,F,E,R,T,E,A,G,E,S,F,T,W,I,P,W,V,L,L,F,S,R,I,V,L,A,I,I,P,H,D,D,E,S,H,L,D,I,H,V,T,D,L,K,G,E,T,S,D,S,Y,H,S,E,D,K,E,L,Q,I,R,I,L,L,Y,F,L,W,G,L,T,T,V,I,F,I,R,V,A,S,D,A,W,V,H,E,A,T,T,T,G
T,N,I,Q,T,Y,T,K,A,G,K,L,R,I,G,E,F,I,M,I,N,G,R,S,T,R,I,V,R,L,Y,I,S,K,N,G,T,T,G,S,A,W,V,F,V,K,A,R,D,T,H,D,G,D,T,H,F,W,R,A,Q,K,E,Y,K,T,Y,I,A,W,I,W,F,F,Y,Y,R,V,L,K,M,I,P,H,D,D,E,S,Q,P,W,F,L,K,I,D,N,N,G,I,T,S,T,D,V,E,S,D,D,K,D,H,L,K,D,T,L,L,K,F,L,W,G,L,D,V,W,L,V,F,V,K,S,S,H,L,K,A,E,Y,S,Y,T,N,T
W,N,I,Q,W,F,D,R,A,G,R,L,R,I,G,G,Y,V,I,I,N,N,K,A,A,E,I,R,Y,L,Y,E,S,K,N,G,T,T,G,L,S,L,V,F,I,I,A,E,D,T,F,N,G,E,W,H,K,Y,R,A,S,K,T,Y,Y,T,W,I,P,W,V,Y,V,F,K,Y,Y,V,L,A,I,L,P,H,D,D,E,N,R,W,S,F,L,F,L,D,L,N,G,Y,Y,L,N,Q,L,T,S,S,D,Q,E,L,Q,E,R,A,K,K,L,F,L,A,G,L,T,V,V,V,V,V,I,K,A,D,T,M,R,V,I,F,T,T,T,T,T
T,N,I,T,F,F,L,K,A,E,L,L,Y,I,G,R,Y,V,R,I,N,G,E,A,T,L,I,T,W,L,Y,V,S,K,S,G,N,L,G,W,R,I,V,F,I,N,A,R,D,T,S,D,G,R,E,H,K,L,A,A,W,H,Y,Y,F,T,K,I,P,F,I,R,V,E,I,R,E,V,R,A,I,I,P,A,Q,D,Q,S,K,L,D,F,L,I,T,D,E,N,G,D,Y,S,T,S,D,T,S,S,D,D,E,H,K,D,K,T,E,K,F,F,R,Q,G,L,R,V,F,L,K,F,V,K,R,G,L,K,F,A,W,Y,S,F,T,G,T
D,D,Y,T,S,Y,T,R,A,D,S,L,Y,R,G,S,Y,S,L,I,N,G,Q,T,T,K,V,T,R,L,Y,I,K,Q,T,G,T,N,G,Q,R,R,V,F,I,R,A,Q,D,I,F,Q,G,Q,F,L,L,L,E,A,H,G,S,F,Y,L,Y,V,S,F,V,L,E,F,V,F,K,L,V,A,I,V,P,H,D,D,E,S,K,P,F,F,H,I,L,D,D,K,G,D,L,I,T,L,L,T,S,E,D,K,K,L,Q,E,I,I,H,K,R,F,W,W,G,L,T,V,L,V,I,V,Y,W,A,S,T,M,R,I,I,K,A,T,T,S,G
W,N,V,D,F,F,W,Y,A,K,E,L,R,I,G,W,Y,V,K,I,N,G,K,T,A,K,I,V,Y,L,W,I,S,D,G,G,T,Y,G,L,A,Y,V,F,I,I,A,V,K,I,H,E,G,E,V,M,Y,L,I,A,Y,G,L,F,F,T,K,I,S,F,V,T,M,E,I,Y,K,V,I,Y,I,L,D,A,E,V,E,Q,K,P,A,W,H,K,I,D,D,Q,G,I,T,K,V,Y,Q,E,S,K,D,E,S,E,Q,R,R,A,K,W,K,F,L,E,G,K,L,V,V,L,Y,F,F,E,S,G,E,T,R,M,L,K,S,S,T,T,T
T,N,L,Y,Y,F,T,K,A,R,L,L,Y,R,G,S,Y,S,L,I,N,G,K,A,T,K,M,V,R,L,W,I,S,Q,N,G,T,N,N,H,P,L,V,V,I,Y,S,I,D,I,F,N,G,L,L,F,V,L,K,A,G,G,E,D,W,S,F,I,P,W,V,F,V,Y,F,F,E,V,Q,A,I,I,P,A,D,D,E,S,K,S,S,Y,L,V,L,S,S,S,G,Y,Y,R,T,T,I,E,A,E,D,K,D,L,E,E,Y,M,K,Y,L,F,K,A,G,Y,S,L,F,V,V,V,V,K,A,S,I,S,R,V,I,F,A,Y,T,G,T
F,D,N,N,T,F,L,L,A,G,A,L,R,I,G,W,W,V,R,I,N,G,K,L,T,E,I,K,R,L,W,M,S,K,G,G,T,Y,G,W,S,W,V,R,I,K,A,T,K,Y,K,E,G,E,T,L,E,L,E,A,L,A,L,H,F,L,K,I,G,I,V,F,Y,Y,R,Y,K,I,L,R,I,I,P,H,D,I,E,Q,F,P,H,K,F,V,T,D,E,N,G,N,V,Y,W,Y,I,H,S,K,D,D,N,L,R,D,D,I,K,K,R,F,E,W,G,L,D,V,E,V,L,I,V,L,G,T,E,M,I,I,T,R,A,T,T,D,N
T,N,I,Q,W,F,P,Y,A,D,S,L,R,V,G,G,Y,S,I,I,N,G,D,T,T,I,I,V,R,L,I,I,S,R,D,G,N,Y,G,W,G,L,V,I,I,Y,A,V,D,S,H,H,G,R,L,H,T,R,K,A,H,E,S,E,F,V,W,I,S,F,V,Y,V,Y,V,Y,K,V,W,W,I,Y,P,H,D,D,Q,S,Q,P,Y,I,F,F,T,M,D,K,G,L,Y,S,N,E,L,E,T,E,D,D,D,L,L,K,E,I,L,W,R,Y,L,Q,G,L,T,V,R,I,V,V,V,A,S,S,T,K,R,V,E,R,A,T,T,D,T
T,N,I,K,W,F,P,R,A,R,W,L,R,I,G,G,W,V,L,I,N,N,R,A,A,R,I,E,Y,L,W,I,S,Q,N,G,T,N,G,E,E,W,V,F,V,I,A,R,D,S,F,K,G,L,E,L,K,M,M,A,H,A,E,Y,Y,T,W,I,P,I,H,E,W,Y,Y,R,I,V,I,R,I,I,P,H,D,D,E,S,Q,D,K,K,M,V,L,D,N,R,G,F,T,Y,T,L,L,K,S,D,D,D,N,L,R,E,E,I,E,K,K,Y,K,A,G,L,L,V,V,V,E,I,E,R,A,S,E,A,K,I,L,R,A,T,T,L,T
K,N,I,W,F,Y,T,R,A,E,E,L,R,Q,G,S,F,S,V,I,N,N,R,T,T,K,L,R,E,I,W,I,S,Q,G,G,T,T,G,D,A,Y,V,W,L,R,S,V,D,T,H,E,G,R,V,F,E,M,R,A,S,K,D,F,F,S,W,I,A,W,V,W,T,Y,F,F,K,V,L,W,I,Y,P,H,D,D,E,S,R,P,F,H,F,Y,L,D,D,R,G,I,T,W,T,E,L,E,S,K,D,D,N,L,L,A,L,I,L,Y,L,F,W,Q,G,Y,T,V,V,V,E,V,K,E,D,G,R,K,T,V,E,R,A,F,D,T,N
W,N,I,Y,T,Y,D,Y,A,G,R,L,Y,V,G,G,L,I,M,I,N,G,K,T,A,E,I,V,W,L,Y,V,T,Q,N,G,T,D,G,T,R,W,V,I,V,R,A,I,D,E,F,E,G,R,T,Y,E,L,K,A,K,Y,S,Q,R,V,L,V,G,W,R,Y,Q,Y,E,W,I,V,F,Y,I,D,P,H,D,D,Q,S,R,R,A,L,F,F,L,D,K,K,G,I,Y,R,N,E,L,F,S,E,W,K,E,L,A,Q,K,I,K,E,R,F,K,A,G,L,T,V,V,V,H,V,F,Y,A,S,R,M,R,I,R,K,A,T,T,L,G
T,N,I,T,T,Y,D,E,A,G,R,L,Y,I,G,A,F,S,A,I,N,G,E,A,T,R,I,I,F,L,L,I,L,Q,T,G,Q,Q,G,E,S,I,V,F,I,I,A,K,D,E,F,K,G,E,T,K,K,K,S,A,K,A,E,K,R,L,L,V,A,W,V,L,F,F,F,W,H,T,Q,A,I,V,P,H,D,D,E,S,Q,P,A,F,F,I,L,D,E,Q,G,R,Y,R,Y,Q,Q,E,A,W,W,Q,E,L,A,W,K,M,K,Y,L,F,K,A,G,Y,T,L,R,V,V,V,T,K,A,Q,T,E,R,I,T,R,V,T,L,T,G
T,N,V,T,F,F,W,L,A,G,L,L,R,I,G,W,F,V,R,I,N,G,Q,T,T,I,I,V,R,L,Y,V,S,K,G,G,T,N,G,Q,S,F,V,F,I,V,A,V,D,S,H,N,G,L,V,F,T,Y,T,A,K,S,D,Y,W,V,K,I,S,W,V,L,Y,F,F,F,L,I,Y,A,I,V,P,H,D,D,E,S,Q,P,S,F,H,L,L,D,W,K,G,Y,W,T,D,E,L,E,S,W,K,L,E,L,E,L,K,I,K,W,K,Y,R,S,G,D,L,V,W,V,V,V,E,Y,S,E,Q,K,S,I,T,R,V,Y,T,S,G
D,N,S,T,S,Y,W,K,A,G,A,L,R,V,G,G,F,A,K,I,N,N,K,S,T,R,I,I,F,L,L,I,Y,Q,Y,G,T,E,G,K,A,K,V,F,I,I,A,L,D,T,H,H,G,L,I,F,K,M,Q,A,E,S,T,R,F,T,E,I,P,F,M,L,Y,F,V,Y,K,V,Y,Y,I,I,P,H,E,D,K,N,Q,R,K,F,F,V,T,T,S,S,G,Y,W,M,T,T,H,E,T,E,D,D,N,L,R,D,Q,I,E,K,R,F,K,K,G,E,E,V,R,T,V,H,T,R,S,G,H,E,S,T,T,R,S,T,T,S,T
K,N,I,E,W,Y,P,R,A,G,E,L,L,I,G,G,F,V,R,V,N,G,Y,A,T,E,I,K,Y,F,Y,Q,S,Q,S,G,T,E,G,I,A,K,A,Y,I,I,S,R,D,S,H,N,G,L,W,Y,T,Y,K,A,K,K,L,H,F,T,Y,I,P,W,I,Y,E,Y,T,R,I,V,Q,F,I,W,P,H,D,D,E,S,R,W,F,F,L,K,L,D,L,R,G,D,L,T,T,T,Y,E,S,D,D,E,E,L,A,R,R,I,W,L,R,W,A,W,G,L,T,V,I,V,Y,I,F,R,S,G,D,A,R,I,V,L,V,S,T,D,N
D,N,S,T,T,Y,N,K,A,G,L,L,F,I,G,S,Y,S,R,I,N,G,K,A,T,K,V,F,W,L,Y,M,S,K,T,G,T,T,G,D,A,Y,V,F,V,R,A,R,V,T,H,E,G,Q,L,L,Q,M,T,A,P,K,K,Y,F,T,L,I,P,W,V,Y,E,E,T,Y,K,V,Q,K,I,I,P,A,D,D,E,S,K,P,Y,Y,M,V,L,D,D,R,G,I,L,T,T,S,L,T,S,S,D,D,N,L,N,D,L,I,L,L,W,Y,L,R,G,F,T,V,V,V,Y,V,F,E,T,G,R,K,E,I,L,K,V,S,T,T,T
F,N,I,T,W,F,P,R,A,K,E,L,R,Q,G,A,L,I,R,I,G,G,R,T,A,E,V,T,E,L,R,M,S,Q,N,G,N,L,G,I,R,L,V,I,V,K,A,T,D,R,H,D,G,R,T,F,F,W,K,A,A,G,E,F,F,V,W,I,S,F,T,L,T,F,S,F,K,V,Y,K,I,E,P,H,D,D,E,S,R,P,Y,R,L,F,L,D,D,N,G,V,T,Y,D,Q,L,H,S,D,D,D,D,L,Q,K,R,I,Q,K,W,F,L,A,G,L,T,V,V,V,F,A,F,W,N,K,D,R,R,I,L,R,A,T,T,T,T
T,N,I,Y,F,F,W,K,A,G,Q,L,Q,R,G,S,F,T,I,I,N,N,R,T,T,R,V,T,R,L,W,V,S,Q,G,G,T,N,G,E,S,I,V,Y,I,E,S,R,D,S,F,Y,G,W,R,F,R,M,R,A,K,K,D,R,W,V,R,I,A,W,V,Y,H,Y,F,Y,I,V,L,R,V,E,P,H,D,D,Q,S,M,P,Y,K,L,F,I,D,N,N,G,R,V,F,D,Y,L,H,S,S,R,E,W,L,N,R,E,I,W,E,R,F,R,A,G,L,V,V,V,V,D,V,R,V,A,S,I,K,E,V,T,R,A,R,T,T,T
T,N,I,N,F,F,L,Y,A,G,S,L,R,I,G,Q,F,T,L,I,N,G,E,T,T,R,V,E,Y,F,W,M,T,K,N,G,N,Y,G,L,R,K,T,F,V,R,S,R,K,V,F,D,G,K,W,F,L,M,R,A,D,A,L,Y,F,T,R,I,P,I,M,L,Y,F,F,Y,K,V,F,R,I,L,P,H,D,D,E,S,Q,P,Y,K,L,H,L,S,E,S,G,D,L,R,T,N,H,H,S,S,D,D,S,L,N,K,E,T,L,R,R,Y,W,E,G,S,T,V,I,L,D,I,V,K,A,S,I,E,E,T,I,F,S,T,T,D,N
F,N,I,D,A,F,P,K,A,K,Q,L,R,R,G,G,F,I,R,I,G,G,K,T,A,R,I,V,R,F,E,E,S,K,T,G,T,T,G,D,G,K,V,T,I,V,A,R,D,T,F,E,G,K,R,F,F,Y,T,A,S,K,E,Y,F,T,W,I,S,F,M,Y,T,Y,F,Y,K,V,L,K,I,E,P,H,E,D,E,S,R,P,S,K,L,H,T,D,E,K,G,I,T,V,H,Y,L,T,A,K,D,D,D,L,R,D,K,I,R,D,L,F,R,A,G,L,T,V,V,I,E,V,R,A,S,G,R,R,M,V,I,Q,A,T,T,T,T
T,N,L,T,F,F,F,R,A,E,E,L,R,L,G,A,F,V,H,V,N,G,K,S,T,R,I,I,R,L,Y,I,S,K,T,G,N,N,G,K,S,W,V,I,I,Y,S,M,D,I,F,Q,G,E,L,H,T,Y,Q,A,L,G,L,F,F,T,K,I,D,I,L,Y,H,Y,S,W,L,V,Q,A,I,V,P,H,D,D,E,S,Q,W,F,K,F,I,L,M,D,Q,G,I,Y,I,Y,F,L,T,S,D,D,E,K,H,L,R,E,L,R,E,R,Y,W,R,G,L,L,V,E,V,H,V,F,I,G,T,R,S,R,I,I,F,A,T,T,L,G
T,N,Q,T,T,Y,W,K,A,G,L,L,R,I,G,S,F,S,R,I,N,N,E,A,T,K,V,V,Y,L,Y,V,S,D,T,G,T,T,G,S,S,F,V,F,V,I,A,V,D,I,F,D,G,R,W,F,T,M,Q,A,D,S,T,Y,F,V,K,I,P,W,V,Y,V,Y,S,Y,K,L,Q,D,I,V,P,H,D,D,E,S,Q,D,W,K,F,I,T,D,E,Q,G,R,F,T,D,T,L,H,T,S,D,D,S,L,R,K,L,I,W,W,L,F,W,A,G,Y,T,V,I,V,H,V,F,I,A,S,R,A,K,I,L,R,A,T,T,S,T
T,N,I,T,T,F,T,S,A,E,N,I,F,I,G,R,F,I,R,I,N,G,K,A,A,R,I,T,F,F,Y,K,T,K,T,G,T,T,G,S,S,Y,T,F,H,R,A,E,D,I,F,N,G,E,T,H,E,L,E,V,H,K,D,Y,F,T,L,I,P,W,V,W,E,F,R,Y,E,V,F,Y,L,M,P,H,E,D,E,S,R,D,W,R,K,F,L,D,Q,Q,G,V,F,L,D,Q,L,H,S,N,D,D,D,L,E,K,E,I,Y,W,R,W,A,W,G,L,S,V,W,V,I,V,F,W,A,Q,T,S,R,V,R,K,A,F,T,S,G
Y,N,Y,W,F,F,W,L,A,G,L,L,R,I,G,G,F,S,V,I,N,N,K,A,T,R,I,E,Y,L,W,I,T,K,N,G,Q,Y,G,L,Q,W,V,F,I,R,S,R,D,T,H,D,G,N,D,Y,K,R,L,S,H,K,L,H,W,E,K,I,P,F,I,Y,E,Y,T,F,K,V,Q,A,M,F,P,H,D,D,E,S,Q,P,W,F,A,L,I,R,D,Q,G,D,L,S,W,F,F,E,T,Q,D,Q,S,L,L,L,L,I,L,L,R,F,W,W,G,Y,T,V,I,V,F,F,F,K,S,D,R,I,H,A,L,K,A,R,T,S,G
T,N,I,T,T,F,D,L,A,G,L,L,R,V,G,G,F,T,S,I,N,G,E,T,T,K,I,T,Y,L,W,I,S,K,G,G,T,H,G,L,A,W,V,F,I,R,A,R,N,I,F,K,G,K,E,L,K,L,R,A,L,H,L,Y,K,T,L,I,S,F,I,Y,V,Y,T,W,K,V,V,K,I,I,P,H,D,D,E,N,Q,E,F,K,L,I,L,D,S,Q,G,K,F,T,T,T,L,K,T,E,D,D,N,L,R,Q,L,I,E,Y,L,Y,K,A,G,L,T,V,R,V,F,V,V,V,S,S,I,A,R,I,R,R,A,R,T,D,T
T,N,L,Y,Y,F,T,Y,A,K,R,L,Y,Q,G,G,F,V,L,I,N,G,K,T,A,I,I,T,E,L,R,I,S,D,N,G,T,N,N,S,S,L,V,W,I,K,A,R,D,M,F,D,G,E,T,L,F,Y,T,A,H,K,E,Y,E,T,F,I,G,W,V,Y,L,Y,L,W,Y,L,Y,A,I,V,P,H,D,D,E,S,R,L,D,K,Y,L,L,D,N,N,G,N,Y,R,T,Q,I,E,S,K,D,D,N,L,K,W,E,I,E,W,R,Y,K,A,G,Y,L,V,F,L,Y,V,F,V,S,S,I,A,R,V,I,L,S,S,T,G,T
T,N,I,T,T,F,T,F,A,G,A,L,L,I,G,G,F,V,A,I,G,G,R,T,A,R,I,T,Y,L,W,I,S,D,N,G,T,T,G,S,S,K,V,V,I,R,A,T,D,I,F,D,G,R,E,F,F,R,E,A,D,H,S,E,F,A,L,I,S,F,V,Y,S,Y,F,Y,K,V,Y,K,I,I,P,H,D,D,K,S,K,P,S,Y,L,I,L,S,D,D,G,D,L,M,D,Q,L,T,S,R,D,D,D,L,E,K,R,I,E,E,R,Y,K,A,G,L,L,V,I,V,E,V,R,I,A,N,E,S,R,I,E,R,A,T,T,G,G
L,D,I,R,F,Y,T,K,A,E,Q,L,R,V,G,G,L,V,L,I,N,G,Q,A,A,K,I,V,R,L,H,M,L,Q,N,G,Q,Y,G,L,K,L,V,F,I,W,A,L,R,F,F,D,G,R,L,H,H,L,V,A,H,A,E,Y,F,T,Y,I,P,W,M,L,L,F,T,Y,K,V,I,R,I,I,P,H,D,D,E,S,Q,W,S,Y,L,V,L,S,S,S,G,T,T,V,T,T,L,M,S,R,D,E,N,L,E,R,Q,I,K,E,R,F,A,R,G,L,T,V,R,L,F,V,F,K,A,E,T,M,R,V,Q,R,A,T,T,D,T
T,N,L,T,S,F,L,L,A,G,A,L,R,Q,G,G,F,V,Q,I,N,N,K,T,T,E,V,R,F,L,Y,I,T,K,T,G,T,N,G,V,A,W,V,F,I,I,A,E,D,T,H,D,G,E,W,H,K,Y,R,A,K,H,S,Y,F,V,W,I,S,I,I,Y,V,Y,I,Y,A,V,Y,R,I,F,P,H,D,D,E,S,H,W,Y,Q,L,L,L,D,N,N,G,I,Y,Y,Y,K,L,H,T,K,D,L,N,L,H,L,E,I,M,F,R,F,W,K,G,Y,L,V,F,V,V,V,V,K,T,G,G,M,Y,V,T,R,A,W,T,D,G
T,T,T,Y,F,Y,L,Y,A,G,R,L,Y,R,G,G,F,I,L,I,N,G,K,T,A,R,I,H,F,F,Y,R,S,K,T,G,N,N,N,L,A,V,V,F,V,V,A,F,D,I,F,N,G,E,Q,F,F,L,A,A,L,A,L,Y,L,V,K,I,G,W,V,Y,Y,Y,V,W,A,L,V,R,I,V,P,H,K,F,E,K,L,P,F,E,L,T,L,S,S,D,G,V,L,M,T,Q,L,H,S,E,D,K,E,L,N,E,K,I,R,L,L,Y,W,F,G,Y,Q,V,Y,V,V,V,T,L,A,E,I,S,R,I,L,Y,V,H,T,N,N
T,N,Q,S,T,F,D,Y,S,K,R,L,Q,R,G,S,W,I,V,I,N,N,R,T,A,R,V,V,Y,L,E,I,S,Q,T,G,D,N,G,L,S,K,V,K,I,I,A,I,D,M,F,N,G,I,T,F,K,S,E,S,L,G,E,Y,R,S,L,V,P,F,I,Y,I,Y,F,Y,R,L,L,R,I,I,P,H,D,D,E,N,R,P,A,Q,Y,V,L,S,S,D,G,T,R,K,Y,Y,L,Y,S,S,D,N,N,L,N,D,N,I,K,K,W,Y,L,A,G,L,S,V,W,L,I,A,F,Y,A,S,T,M,R,V,L,K,A,Y,T,D,G
T,N,I,T,A,Y,T,Y,A,K,D,L,R,I,G,S,F,V,L,I,N,N,K,T,A,I,V,T,R,F,Y,R,T,K,N,G,T,N,G,L,A,W,V,F,I,E,A,T,D,S,H,E,G,K,T,F,R,M,R,A,Y,A,T,Y,F,V,W,I,S,W,V,Y,V,Y,V,Y,L,L,Y,A,I,F,P,H,E,D,E,S,Q,W,R,Y,F,R,L,D,N,N,G,Y,E,I,T,L,L,Q,S,K,D,Y,Y,L,F,K,E,I,V,L,K,Y,A,A,G,L,L,V,R,V,V,V,V,V,S,G,D,S,R,I,Q,Y,S,T,T,S,T
F,N,I,Q,Y,F,D,F,A,K,L,L,R,Q,G,S,F,V,A,I,N,G,L,A,T,E,V,K,Y,F,W,M,S,K,N,G,T,N,N,I,F,F,A,F,I,I,S,K,D,T,F,Q,G,L,W,F,T,Y,Q,A,K,G,E,Y,K,T,L,I,P,I,M,Y,Y,Y,K,W,K,V,V,R,I,F,P,H,D,D,E,S,R,P,S,L,F,K,L,R,D,Q,G,I,V,I,F,Y,L,F,T,D,L,R,W,L,E,E,E,I,K,K,K,F,K,W,G,W,T,V,I,V,D,V,T,K,G,D,I,S,R,I,T,R,S,T,T,S,G
F,N,I,Q,A,Y,L,L,A,K,L,L,R,I,G,H,W,V,L,I,N,G,E,A,A,I,I,V,Y,L,W,E,S,D,G,G,T,L,G,W,E,W,V,F,I,I,A,I,D,A,F,K,G,L,V,H,K,L,R,A,Y,G,W,Y,F,T,W,I,P,F,V,W,V,F,S,F,R,V,Q,Y,I,K,P,H,D,D,Q,S,R,P,K,F,H,K,L,D,E,N,G,L,L,Y,T,T,L,E,S,S,D,E,K,H,N,K,E,I,E,W,K,F,K,Q,G,L,T,V,V,V,F,V,F,M,A,N,T,M,R,I,L,R,A,T,T,T,T
T,N,V,T,F,F,W,K,A,G,Q,L,Q,Q,G,D,Y,S,R,I,N,G,R,V,T,R,I,Q,Y,L,R,I,W,Q,N,G,Y,R,G,D,A,F,V,E,I,T,A,R,D,I,F,D,G,L,V,Y,Y,M,K,A,S,K,E,Y,F,T,K,I,A,W,V,Y,L,Y,I,Y,E,V,K,Y,I,K,P,H,D,D,E,S,Q,P,F,L,H,F,L,N,N,N,G,D,T,I,Y,F,L,Y,S,S,D,K,D,L,Q,I,K,I,L,E,W,W,L,R,G,Y,T,V,R,V,M,V,F,M,A,K,H,A,E,I,I,L,I,T,L,T,T
T,N,V,T,F,F,W,K,A,E,K,L,R,I,G,G,Y,V,R,I,N,G,E,K,A,R,I,I,Y,L,Y,I,T,Q,N,G,T,H,G,I,A,W,V,F,I,V,A,Q,K,I,F,D,G,K,T,R,K,L,V,A,K,K,E,E,F,V,R,I,P,W,L,L,E,Y,E,Y,K,V,Y,A,I,L,P,H,D,D,E,S,R,P,F,K,F,V,L,D,D,Q,G,V,L,L,T,Q,L,K,S,K,D,D,N,L,N,D,D,I,R,K,K,F,L,A,G,L,L,V,I,V,K,V,F,I,A,S,D,S,R,I,L,K,A,T,T,S,G
T,N,L,T,F,F,W,R,A,G,E,L,Y,L,G,G,W,V,L,I,N,N,K,A,A,L,I,V,R,L,E,M,S,D,G,G,T,E,G,Y,S,L,V,F,I,I,A,V,D,S,F,E,G,L,V,F,Y,R,A,A,K,A,T,E,F,T,R,I,P,W,I,Y,T,Y,R,F,F,V,L,D,I,D,P,H,D,D,E,N,K,D,S,W,L,K,L,S,S,S,G,D,V,I,T,L,L,T,S,E,R,D,E,L,K,D,E,I,K,D,K,W,K,K,G,L,D,V,E,V,F,V,F,S,A,S,T,T,R,I,I,K,A,R,T,S,T
T,N,V,Q,Y,F,T,K,A,R,L,L,R,I,G,G,F,V,R,I,N,G,Q,T,T,K,I,V,R,L,Y,T,S,K,N,G,N,Y,G,L,S,L,V,V,I,R,S,R,H,T,F,L,G,L,D,F,K,R,K,A,W,G,E,E,F,T,Y,I,S,I,V,Y,L,Y,A,F,Y,V,L,A,L,V,P,A,D,I,E,N,L,P,W,Y,K,L,L,D,N,N,G,N,L,Y,F,K,L,T,S,S,D,K,E,L,E,I,K,I,W,L,L,F,W,W,G,Y,T,V,I,V,Y,V,M,K,A,S,I,A,R,V,L,R,T,S,T,S,G
T,N,I,Y,Y,F,L,F,A,K,L,L,R,I,G,S,F,V,L,I,N,G,F,T,A,K,I,V,Y,L,E,I,L,K,T,G,T,K,G,I,A,W,V,K,I,L,A,R,D,I,F,D,G,R,L,F,A,W,I,A,K,G,D,F,W,T,K,I,S,W,V,W,V,Y,K,F,I,V,Y,A,L,V,P,H,D,D,E,S,R,H,K,K,H,V,L,D,L,R,G,E,F,R,V,Y,L,H,S,D,D,D,D,L,N,K,R,I,E,E,R,F,K,K,G,L,I,V,V,V,V,V,Y,M,A,S,R,M,R,I,L,R,A,T,T,L,T
T,N,Q,W,F,F,L,F,A,G,S,L,R,Q,G,W,F,T,A,I,N,G,Q,A,T,R,I,Q,Y,L,Y,I,S,Q,G,G,T,D,G,T,S,W,V,V,I,I,A,V,K,S,F,D,G,K,V,F,K,M,V,A,K,S,T,Y,W,T,W,I,P,F,V,Y,Y,Y,Y,F,L,V,V,A,I,V,P,H,D,D,E,S,Q,P,Y,W,L,V,T,D,Q,R,G,I,L,R,T,S,Y,T,S,E,D,E,D,H,E,R,D,A,K,W,R,Y,E,W,G,L,T,V,R,L,V,E,V,R,A,K,T,S,R,F,L,Y,A,T,T,T,T
T,N,I,Y,S,Y,T,Y,A,A,L,L,R,I,G,G,Y,I,R,I,H,G,R,T,A,R,I,E,E,L,E,V,S,Q,G,G,T,L,G,I,A,I,V,R,V,R,A,R,D,I,H,E,G,Q,W,R,F,L,K,A,F,K,L,Y,L,V,Y,I,S,F,V,Y,V,Y,F,W,S,V,Q,A,I,I,P,H,D,D,Q,S,R,L,A,Y,L,I,L,T,N,S,G,Q,K,I,T,Q,L,T,S,E,D,Q,N,L,E,N,L,I,K,L,W,F,W,L,G,W,D,V,W,V,V,V,V,I,T,Q,E,A,R,I,L,R,A,F,T,N,N
T,N,I,Y,T,Y,N,R,A,G,L,L,Q,I,G,S,A,V,R,I,N,G,L,A,A,I,V,V,W,L,Y,M,T,K,T,G,D,N,G,T,S,W,V,K,I,I,A,I,D,M,F,K,G,L,V,F,F,M,M,R,K,A,T,H,Y,T,L,V,A,F,I,W,Y,F,V,Y,Y,V,Y,K,L,I,P,H,D,I,E,Q,Q,R,S,W,H,V,L,D,L,Q,G,Y,W,Y,T,I,L,R,S,E,D,K,E,L,E,E,E,I,K,K,K,F,K,W,G,L,D,V,R,V,I,V,V,W,A,K,E,A,R,I,R,Y,A,T,T,S,T
Y,N,L,Y,Y,W,W,K,A,G,L,F,Y,I,G,A,F,A,L,V,N,G,E,A,T,K,I,F,Y,L,Q,I,Q,K,T,G,T,T,G,D,A,I,V,I,I,K,S,R,D,I,F,D,G,Q,F,R,Q,Y,K,A,K,S,T,Y,K,M,A,V,P,W,V,Y,V,Y,K,Y,K,V,F,D,I,V,P,H,E,D,E,N,M,P,S,Y,L,L,L,D,D,N,G,D,R,I,W,F,L,E,T,D,D,D,E,K,Q,N,E,I,Q,E,R,F,W,K,G,L,T,V,I,V,V,V,V,M,A,K,R,M,R,I,L,Y,V,T,T,D,T
N,N,I,T,F,F,N,K,A,E,L,L,R,I,G,W,F,V,L,I,N,G,Y,A,T,I,I,F,Y,L,W,Q,S,Q,N,G,D,N,G,D,S,K,V,R,I,K,A,R,D,S,H,R,G,L,H,F,E,M,E,A,S,R,Q,Y,F,V,W,I,P,F,V,Y,T,E,V,R,K,T,Q,A,I,V,P,H,D,D,E,N,Q,W,H,K,Y,I,L,D,D,Q,G,D,L,D,T,S,T,T,T,D,D,E,Q,R,H,R,D,I,E,R,L,F,K,R,G,Y,T,V,R,L,V,R,V,T,S,Q,D,S,S,V,T,Q,S,T,T,T,T
T,N,L,D,H,Y,W,R,A,E,E,L,R,I,G,H,F,V,K,I,N,G,K,E,A,R,I,Q,R,F,Y,R,S,Q,T,G,T,N,G,I,S,K,V,L,I,F,A,V,D,M,F,D,G,L,L,F,Q,L,M,A,L,G,Q,Y,Y,L,E,V,P,F,V,F,L,Y,T,Y,E,V,F,R,I,I,P,H,D,D,E,N,Q,P,A,Q,F,L,L,T,D,L,G,I,W,I,N,Q,L,H,S,D,D,K,D,L,W,L,L,I,L,W,L,F,L,A,G,L,T,V,R,V,Y,V,M,R,A,G,R,A,R,I,I,F,S,S,T,T,T
W,N,Y,D,S,F,D,R,A,R,E,L,R,R,G,G,W,V,R,I,G,G,I,T,T,I,I,V,R,F,E,Q,S,Q,G,G,T,N,G,D,S,K,V,F,I,K,A,R,A,S,T,L,G,L,E,F,K,L,K,A,S,G,S,D,K,T,E,I,S,W,V,F,V,Y,V,Y,K,V,L,A,I,I,P,A,D,D,Q,N,K,L,K,F,L,I,L,S,E,D,G,I,K,Y,T,T,L,E,T,W,D,D,N,L,K,L,K,I,E,L,L,F,K,L,G,L,D,V,K,V,V,V,V,V,T,G,T,K,T,I,T,K,V,T,T,D,N
T,N,V,Q,F,F,W,L,A,G,Q,L,R,R,G,A,F,T,L,I,N,G,K,L,A,K,I,I,Y,L,W,Q,S,Q,N,G,T,Q,G,K,K,W,V,F,I,R,A,R,D,F,F,D,G,K,D,F,K,Y,R,A,H,S,L,Y,W,T,R,I,G,F,L,Y,T,Y,A,Y,Y,V,Q,R,I,I,P,H,D,D,E,S,Q,P,S,K,L,V,L,D,L,N,G,N,V,K,T,Y,L,K,S,D,D,E,E,L,N,K,K,I,L,E,K,F,L,E,G,K,L,V,I,V,F,V,F,K,G,D,R,S,R,I,R,R,V,T,T,D,N
W,N,Y,K,Y,F,P,Y,A,K,K,L,Y,I,G,G,W,I,R,I,G,G,K,T,A,K,I,V,W,L,Y,I,T,K,N,G,D,N,N,D,A,L,V,I,I,R,A,I,D,S,Y,E,G,R,L,Y,T,Y,Q,A,K,G,D,Y,L,V,W,I,S,W,T,Y,E,Y,K,W,F,V,Q,A,I,L,P,H,D,D,E,S,R,P,A,K,L,I,L,D,L,N,G,K,Y,T,T,E,L,T,S,E,D,D,E,L,N,K,K,I,K,L,L,F,W,L,G,L,D,V,I,V,V,V,W,K,A,D,T,S,R,I,L,Y,A,T,T,S,T
T,D,Q,N,F,F,W,R,A,E,L,L,R,I,G,R,F,A,R,I,G,G,K,A,T,V,I,K,Y,L,Y,I,S,K,N,G,N,N,G,E,S,F,V,H,V,R,S,E,D,F,H,R,G,E,W,H,F,M,R,A,K,G,S,Y,Y,V,K,I,P,W,V,Y,M,Y,V,Y,L,V,V,A,I,V,P,H,D,D,E,S,Q,P,S,L,L,A,T,D,N,N,G,D,L,S,T,T,H,Y,S,E,D,E,E,L,E,K,R,A,K,W,K,F,W,E,G,T,L,L,L,I,Y,V,F,Y,S,S,R,M,R,T,I,L,I,S,T,T,T
T,N,I,T,S,F,S,Y,A,G,R,L,Y,Q,G,D,Y,V,L,I,N,G,D,T,T,K,I,V,W,L,D,I,S,T,T,G,N,Y,G,I,A,L,V,K,I,I,A,I,D,T,H,D,G,R,V,F,T,Y,T,A,S,H,T,F,L,V,L,I,S,I,V,Y,V,F,V,W,V,V,Y,A,I,I,P,H,D,D,E,S,H,P,W,F,L,V,L,D,N,N,G,V,K,L,T,L,L,T,S,D,D,L,D,L,M,F,L,I,W,W,L,F,W,N,G,S,S,V,R,V,K,V,F,V,S,S,R,A,R,I,H,Y,A,T,T,S,T
T,N,I,E,R,F,S,F,A,G,R,L,T,I,G,D,Y,V,E,I,G,G,E,T,T,R,V,R,Y,F,Y,R,S,Q,T,G,D,N,G,K,A,I,A,F,I,I,S,L,D,L,Y,R,G,R,I,H,T,Y,R,A,L,R,Y,Y,E,T,L,T,G,W,V,L,L,F,I,Y,L,V,F,D,I,I,P,A,D,D,E,S,K,P,E,K,L,V,L,D,K,N,G,D,W,T,Y,T,L,T,S,L,D,D,N,L,N,W,L,I,K,F,L,F,L,K,G,L,T,V,K,V,F,V,F,K,S,K,W,A,W,V,E,R,A,R,T,D,N
T,N,Q,D,S,F,S,F,A,G,R,L,L,R,G,G,F,V,R,I,N,G,K,T,T,K,I,V,R,F,Y,K,S,K,T,G,D,N,N,T,A,V,V,Y,I,E,A,R,D,I,F,E,G,K,V,F,Y,L,A,A,K,A,T,Y,L,S,L,V,S,W,I,Y,V,Y,F,F,L,V,L,D,I,L,P,H,D,D,E,S,R,S,K,K,L,V,L,D,W,N,G,V,T,Y,T,Q,L,T,S,D,D,D,N,L,E,K,E,I,E,I,R,F,K,A,G,L,L,V,R,V,E,V,V,V,G,K,T,S,R,I,L,R,V,T,T,L,G
T,D,V,Y,Y,F,L,Y,S,K,L,L,R,I,G,G,F,A,L,I,N,G,R,A,T,I,I,V,R,F,E,I,S,K,N,G,T,N,N,D,A,V,T,F,I,K,A,L,D,S,H,Q,G,E,T,Y,F,L,A,A,S,G,E,Y,F,T,A,I,P,F,V,Y,T,Y,R,F,I,I,Q,Y,L,Y,P,H,E,D,L,S,Q,L,W,Y,H,V,E,M,W,R,G,L,Y,D,D,R,H,M,S,E,D,D,D,L,L,K,K,I,I,W,W,W,A,W,G,L,T,V,E,V,F,R,F,R,S,G,T,D,R,I,I,L,A,S,T,T,T
F,N,I,T,S,F,K,Y,A,G,Q,L,R,K,G,A,Y,V,E,I,G,G,I,T,A,L,I,T,R,I,I,I,S,Q,N,G,D,N,G,K,A,W,V,F,L,I,A,T,A,I,F,Y,G,L,T,F,K,L,Q,A,H,A,L,Y,W,V,L,I,S,F,V,Y,Y,Y,I,W,K,V,Y,A,I,L,P,H,D,D,E,S,R,W,K,K,L,V,L,M,E,L,G,I,Y,I,T,E,L,K,S,S,D,E,E,L,Q,R,K,I,E,E,L,F,K,R,G,L,V,V,F,V,L,V,T,K,A,N,H,S,E,I,T,R,V,F,T,G,T
T,N,I,T,F,F,W,L,A,G,R,L,R,I,G,G,F,S,I,I,N,N,R,T,T,I,L,T,H,V,H,V,L,Q,T,G,T,N,G,D,S,K,V,I,L,Y,A,R,D,S,Y,H,G,L,L,F,V,K,V,A,A,A,S,D,W,D,K,I,A,W,V,Y,F,Y,F,Y,K,V,F,Y,I,L,E,H,E,D,R,S,Q,P,R,H,F,F,L,D,Q,R,G,L,L,L,Q,Q,L,F,S,E,W,R,W,L,E,E,L,I,E,L,W,F,R,L,G,Y,T,V,I,L,R,V,S,T,A,S,T,S,R,V,L,Y,A,T,T,D,N
T,N,L,T,T,F,T,L,A,G,A,L,R,R,G,G,Y,V,A,I,N,G,L,T,A,R,I,E,W,L,W,I,S,K,T,G,T,N,N,Q,S,Q,V,V,I,R,A,R,D,T,H,K,G,L,W,F,W,L,T,A,H,S,T,Y,I,V,L,I,S,W,V,Y,T,Y,F,R,Y,V,Q,F,I,L,P,H,D,D,Q,S,R,W,S,L,L,F,L,D,L,N,G,D,L,R,R,Y,Y,E,S,E,D,Y,R,L,E,E,E,I,K,K,R,W,K,A,G,T,D,V,I,V,K,I,E,K,S,K,T,A,R,V,T,R,A,T,E,S,G
D,D,S,R,F,F,W,Y,A,K,Q,L,Y,I,G,G,Y,I,E,I,G,G,L,T,T,K,I,V,Y,L,W,I,S,K,T,G,D,N,G,I,A,K,V,F,V,I,A,V,D,I,H,N,G,L,V,F,K,Y,K,A,L,G,D,M,L,V,K,I,S,F,I,Y,V,Y,T,Y,S,V,Y,A,I,I,P,H,D,D,E,S,Q,L,L,K,L,V,L,S,S,S,G,F,Y,I,T,L,L,H,S,W,W,E,Q,L,R,D,E,I,E,K,R,Y,K,A,G,L,E,V,R,V,F,V,I,K,S,S,T,S,R,I,I,Y,A,R,T,S,T
F,N,I,Q,S,Y,R,L,S,G,L,L,R,I,G,Q,F,V,D,I,N,G,Q,S,T,R,I,I,R,F,R,I,L,K,T,G,T,H,G,L,A,F,A,I,I,V,A,R,H,S,H,D,G,I,I,F,T,M,T,A,H,S,T,A,W,T,Y,I,S,F,V,Y,R,Y,E,F,H,I,L,A,I,Y,P,H,D,D,E,S,Y,P,F,R,F,V,I,D,N,N,G,N,K,Y,D,I,F,H,S,D,D,D,D,L,R,K,L,I,W,L,W,F,W,F,G,W,L,V,F,S,Y,F,F,K,S,S,T,T,R,S,L,R,T,S,T,G,T
F,N,I,Q,W,F,P,L,A,G,A,L,R,I,G,G,Y,V,L,I,N,N,K,D,A,R,V,V,Y,L,Y,I,W,T,T,G,T,Q,G,I,A,F,V,K,I,R,A,R,D,S,H,E,G,H,T,Y,F,Y,E,A,K,R,Y,F,W,T,W,I,G,F,V,Q,L,E,A,H,K,V,Q,Y,I,Y,P,H,D,D,K,S,Q,R,F,W,Y,V,L,D,W,R,G,E,F,R,T,T,E,R,S,R,D,D,D,L,N,K,E,I,W,K,R,Y,L,A,G,L,T,V,V,L,F,R,F,S,S,N,R,K,E,V,L,R,A,T,T,T,T
T,N,I,T,S,F,N,K,A,E,K,L,Y,I,G,D,F,V,L,I,N,G,Y,A,A,T,I,F,Y,L,W,K,S,G,T,G,T,T,G,D,Q,K,V,R,I,R,A,R,D,S,F,Y,G,W,I,F,T,M,E,A,S,N,T,Y,F,T,L,I,P,F,V,Y,V,Y,T,W,K,V,Y,Y,I,D,P,H,D,D,E,S,R,P,K,Q,M,F,L,D,D,N,G,D,M,I,T,S,L,H,T,E,D,D,D,A,A,K,G,I,E,K,L,W,K,N,G,Y,T,V,R,V,F,V,M,K,A,L,T,S,R,I,V,R,F,T,T,T,T
